Kp:	0.2	Ki:	0	Kd:	0.4
cte	steer_value
0.76	-0.456	0
0.76	-0.152	0
0.7597	-0.15182	0.123
0.7594	-0.15176	0.2401
0.759	-0.15164	0.3262
0.7587	-0.15162	0.4572
0.7581	-0.15138	0.5482
0.7573	-0.15114	0.662
0.7567	-0.1511	0.7743
0.7557	-0.15074	0.8877
0.7545	-0.15042	0.9729
0.7537	-0.15042	1.0226
0.7522	-0.14984	1.1737
0.7506	-0.14948	1.2794
0.7488	-0.14904	1.392
0.7476	-0.14904	1.4752
0.7455	-0.14826	1.5573
0.7432	-0.14772	1.7104
0.7407	-0.14714	1.809
0.739	-0.14712	1.8679
0.7362	-0.14612	1.9791
0.7332	-0.14544	2.1102
0.73	-0.14472	2.1882
0.7278	-0.14468	2.2706
0.7243	-0.14346	2.3881
0.7218	-0.14336	2.4595
0.7179	-0.14202	2.5769
0.7137	-0.14106	2.6853
0.7092	-0.14004	2.7977
0.7046	-0.13908	2.8957
0.6996	-0.13792	3.0099
0.6943	-0.13674	3.1313
0.6887	-0.1355	3.2458
0.6828	-0.1342	3.3417
0.6787	-0.1341	3.4107
0.6723	-0.1319	3.5157
0.6656	-0.13044	3.6159
0.6585	-0.12886	3.7207
0.6511	-0.12726	3.8197
0.646	-0.12716	3.8864
0.638	-0.1244	3.9922
0.6297	-0.12262	4.0862
0.621	-0.12072	4.1866
0.615	-0.1206	4.2519
0.6057	-0.11742	4.3496
0.596	-0.11532	4.4466
0.5859	-0.11314	4.5431
0.5755	-0.11094	4.639
0.5646	-0.10856	4.7344
0.5534	-0.1062	4.8291
0.5457	-0.10606	4.8919
0.5339	-0.10206	4.9857
0.522	-0.09964	5.0789
0.5148	-0.10008	5.1407
0.5052	-0.0972	5.233
0.4981	-0.09678	5.3247
0.4953	-0.09794	5.4158
0.4814	-0.09072	5.5063
0.473	-0.09124	5.5663
0.4617	-0.08782	5.656
0.4518	-0.0864	5.745
0.4429	-0.08502	5.8336
0.4373	-0.08522	5.8923
0.4292	-0.0826	5.9799
0.4213	-0.0811	6.0669
0.4135	-0.07958	6.1534
0.4081	-0.07946	6.2108
0.3997	-0.07658	6.2965
0.3909	-0.07466	6.3815
0.3849	-0.07458	6.438
0.3757	-0.07146	6.5222
0.3661	-0.06938	6.6059
0.3562	-0.06728	6.6891
0.3494	-0.06716	6.7443
0.3355	-0.06154	6.854
0.3283	-0.06278	6.9084
0.3174	-0.05912	6.9898
0.3061	-0.0567	7.0706
0.2984	-0.0566	7.1242
0.2906	-0.055	7.1775
0.2787	-0.05098	7.2572
0.2624	-0.04596	7.3626
0.2541	-0.0475	7.415
0.2415	-0.04326	7.4932
0.2287	-0.04062	7.5708
0.2157	-0.03794	7.6481
0.2069	-0.03786	7.6993
0.1936	-0.0334	7.7757
0.1801	-0.03062	7.8516
0.1711	-0.03062	7.902
0.1574	-0.026	7.9771
0.1436	-0.0232	8.0518
0.1344	-0.0232	8.1013
0.1205	-0.01854	8.1752
0.1065	-0.0157	8.2486
0.0925	-0.0129	8.3216
0.0786	-0.01016	8.3942
0.0646	-0.00732	8.4662
0.0553	-0.00734	8.514
0.0415	-0.00278	8.5853
0.0278	-8e-05	8.6562
0.0187	-0.0001	8.7032
0.0052	0.00436	8.7734
-0.0082	0.007	8.8431
-0.017	0.00692	8.8893
-0.03	0.0112	8.9583
-0.0429	0.01374	9.0269
-0.0554	0.01608	9.095
-0.0676	0.0184	9.1627
-0.0796	0.02072	9.2299
-0.0911	0.02282	9.2968
-0.0986	0.02272	9.3411
-0.1095	0.02626	9.4073
-0.12	0.0282	9.4731
-0.1301	0.03006	9.5384
-0.1366	0.02992	9.5817
-0.1458	0.03284	9.6464
-0.1546	0.03444	9.7107
-0.1628	0.03584	9.7746
-0.1704	0.03712	9.838
-0.1775	0.03834	9.9011
-0.1839	0.03934	9.9638
-0.1898	0.04032	10.0261
-0.1933	0.04006	10.0674
-0.198	0.04148	10.1291
-0.2021	0.04206	10.1904
-0.2055	0.04246	10.2513
-0.2074	0.04224	10.2917
-0.2096	0.0428	10.352
-0.2112	0.04288	10.4119
-0.212	0.04272	10.4715
-0.212	0.0424	10.5307
-0.2113	0.04198	10.5895
-0.2099	0.04142	10.648
-0.2086	0.0412	10.6868
-0.2059	0.0401	10.7446
-0.2026	0.0392	10.8022
-0.1985	0.03806	10.8593
-0.1936	0.03676	10.9161
-0.1881	0.03542	10.9726
-0.1819	0.0339	11.0288
-0.1773	0.03362	11.066
-0.17	0.03108	11.1216
-0.1619	0.02914	11.1768
-0.1533	0.02722	11.2046
-0.144	0.02508	11.2825
-0.1376	0.02496	11.2732
-0.1274	0.0214	11.3604
-0.1167	0.01906	11.6129
-0.1055	0.01662	11.5153
-0.0977	0.01642	11.6828
-0.0858	0.0124	11.6288
-0.0731	0.00954	11.3715
-0.0581	0.00562	11.8673
-0.0467	0.00478	11.9029
-0.0277	-0.00206	11.4074
-0.0066	-0.00712	12.071
0.0186	-0.0138	11.512
0.0451	-0.01962	12.0818
0.0639	-0.0203	12.1657
0.093	-0.03024	11.7692
0.1227	-0.03642	12.2449
0.1421	-0.03618	12.3077
0.1706	-0.04552	11.8401
0.1992	-0.05128	12.3988
0.2179	-0.05106	12.4501
0.245	-0.05984	12.0518
0.2717	-0.06502	12.5037
0.289	-0.06472	12.5588
0.3139	-0.07274	12.1384
0.3384	-0.07748	12.6511
0.3615	-0.08154	12.2077
0.3836	-0.08556	12.7714
0.3976	-0.08512	12.7734
0.4173	-0.09134	12.3361
0.4361	-0.09474	12.8961
0.4532	-0.09748	12.4474
0.4691	-0.10018	12.9586
0.4832	-0.10228	12.5115
0.496	-0.10432	13.0745
0.5071	-0.10586	12.6208
0.5166	-0.10712	13.1387
0.5243	-0.10794	12.6831
0.5305	-0.10858	13.2472
0.5336	-0.10796	13.2562
0.5369	-0.1087	12.7937
0.5384	-0.10828	13.3596
0.5383	-0.10762	12.8947
0.5372	-0.107	12.9018
0.5342	-0.10564	13.4688
0.5295	-0.10402	12.9886
0.5231	-0.10206	13.52
0.5153	-0.09994	13.0584
0.5091	-0.09934	13.0847
0.4986	-0.09552	13.606
0.4867	-0.09258	13.14
0.4778	-0.092	13.1717
0.4684	-0.08992	13.1986
0.4584	-0.08768	13.2158
0.4421	-0.0819	13.8075
0.4305	-0.08146	13.8252
0.4184	-0.07884	13.8194
0.4057	-0.07606	13.8862
0.3859	-0.06926	13.3462
0.372	-0.06884	13.3875
0.3501	-0.06126	13.9664
0.3351	-0.06102	13.9367
0.3196	-0.05772	14.023
0.2961	-0.04982	13.512
0.2798	-0.04944	13.4988
0.2548	-0.04096	14.1426
0.238	-0.04088	14.141
0.2126	-0.03236	13.6596
0.1865	-0.02686	14.1809
0.1691	-0.02686	14.2213
0.1431	-0.01822	13.7173
0.1257	-0.01818	13.7523
0.1083	-0.0147	13.7634
0.0822	-0.006	14.3504
0.065	-0.00612	14.3835
0.048	-0.0028	14.3575
0.0312	0.00048	14.4492
0.0065	0.00858	13.9132
-0.0099	0.00854	13.9518
-0.0258	0.01152	13.9885
-0.0492	0.0192	14.5157
-0.0633	0.0183	14.5569
-0.082	0.02388	14.0601
-0.0938	0.02348	14.0919
-0.0998	0.02236	14.1168
-0.1069	0.02422	14.1619
-0.1081	0.0221	14.6899
-0.1074	0.0212	14.7571
-0.1054	0.02028	14.2661
-0.1026	0.0194	14.7852
-0.099	0.01836	14.2995
-0.0945	0.0171	14.8697
-0.091	0.0168	14.8746
-0.0872	0.01592	14.9216
-0.0809	0.01366	14.4178
-0.0763	0.01342	14.4351
-0.0687	0.0107	14.9993
-0.0632	0.01044	15.0253
-0.0546	0.00748	14.5219
-0.0453	0.00534	15.0843
-0.0388	0.00516	15.1097
-0.0321	0.00374	15.1238
-0.0216	0.00012	14.6356
-0.0144	-4.33681e-19	14.6593
-0.007	-0.00156	14.6743
0.0006	-0.00316	14.6917
0.0123	-0.00714	15.2496
0.0203	-0.00726	15.2729
0.0323	-0.01126	14.7747
0.0404	-0.01132	14.7995
0.0486	-0.013	14.8209
0.061	-0.01716	15.3692
0.0692	-0.01712	15.3879
0.0775	-0.01882	15.4093
0.0897	-0.02282	14.918
0.0978	-0.0228	14.9368
0.1139	-0.02922	14.9777
0.1257	-0.02986	15.5254
0.1334	-0.02976	15.545
0.1409	-0.03118	15.5637
0.1517	-0.03466	15.0733
0.1588	-0.0346	15.0921
0.1656	-0.03584	15.1113
0.1755	-0.03906	15.6581
0.1818	-0.03888	15.6765
0.1906	-0.04164	15.1863
0.1962	-0.04148	15.2047
0.2041	-0.04398	15.75
0.2089	-0.0437	15.7681
0.2155	-0.04574	15.2781
0.2195	-0.0455	15.2966
0.2232	-0.04612	15.3143
0.2281	-0.04758	15.8581
0.2321	-0.04802	15.3685
0.2354	-0.0484	15.9106
0.2371	-0.0481	15.9287
0.2384	-0.0482	15.9455
0.2397	-0.04846	15.4564
0.2401	-0.04818	15.4745
0.24	-0.04796	16.0145
0.2403	-0.04818	16.0324
0.2439	-0.05022	15.5437
0.251	-0.05304	16.0824
0.2577	-0.05422	16.1001
0.2659	-0.05646	16.1158
0.2807	-0.06206	15.6274
0.2911	-0.06238	15.6454
0.3057	-0.06698	16.1814
0.3188	-0.069	15.6935
0.3268	-0.06856	15.7118
0.3375	-0.07178	16.2459
0.3467	-0.07302	15.7583
0.3543	-0.0739	16.2965
0.3585	-0.07338	16.3092
0.3634	-0.07464	15.8221
0.3658	-0.07412	15.8415
0.368	-0.07448	16.3717
0.3685	-0.0739	16.3913
0.368	-0.0734	15.905
0.3668	-0.07288	15.9162
0.3635	-0.07138	16.4534
0.3605	-0.0709	16.4636
0.3568	-0.06988	16.484
0.35	-0.06728	15.9989
0.3446	-0.06676	16.0083
0.3385	-0.06526	16.0293
0.3283	-0.06158	16.5539
0.3207	-0.0611	16.5744
0.3084	-0.05676	16.0898
0.2995	-0.05634	16.0988
0.2851	-0.05126	16.6333
0.2698	-0.04784	16.1491
0.2478	-0.04076	16.1785
0.2362	-0.0426	16.1873
0.2183	-0.0365	16.7197
0.1999	-0.03262	16.2365
0.1873	-0.03242	16.2452
0.1745	-0.02978	16.2652
0.1549	-0.02314	16.785
0.1417	-0.02306	16.8039
0.122	-0.01652	16.3216
0.102	-0.0124	16.8404
0.0823	-0.00858	16.3581
0.0692	-0.0086	16.3769
0.0563	-0.0061	16.3858
0.0371	0.00026	16.9123
0.0246	8e-05	16.9219
0.0065	0.00594	16.4407
-0.0053	0.00578	16.4578
-0.0225	0.01138	16.9751
-0.0386	0.01416	16.4947
-0.054	0.01696	17.0165
-0.0637	0.01662	17.0273
-0.0728	0.0182	17.0419
-0.0855	0.02218	16.5626
-0.0969	0.02394	17.0787
-0.1033	0.02322	16.5999
-0.1057	0.0221	16.6139
-0.1013	0.0185	17.1291
-0.0908	0.01396	16.6513
-0.0817	0.0127	16.6647
-0.0656	0.00668	17.1789
-0.0544	0.0064	17.1916
-0.0371	0.0005	16.715
-0.0251	0.00022	16.7273
-0.0067	-0.00602	17.2402
0.0059	-0.00622	17.2522
0.0248	-0.01252	16.7767
0.0442	-0.0166	17.2881
0.0635	-0.02042	16.8133
0.0764	-0.02044	16.8252
0.0957	-0.02686	17.3354
0.1147	-0.03054	16.8614
0.1272	-0.03044	16.8726
0.1456	-0.03648	17.3813
0.1634	-0.0398	16.9084
0.1807	-0.04306	17.415
0.1917	-0.04274	17.4264
0.2075	-0.04782	16.9545
0.2175	-0.0475	16.9656
0.2318	-0.05208	17.4708
0.2406	-0.05164	17.4817
0.2529	-0.0555	17.0111
0.2605	-0.05514	17.0223
0.2709	-0.05834	17.5251
0.2798	-0.05952	17.0557
0.2851	-0.05914	17.0667
0.2918	-0.06104	17.568
0.2971	-0.06154	17.0995
0.301	-0.06176	17.5997
0.3034	-0.06164	17.132
0.3042	-0.06116	17.631
0.304	-0.06072	17.6413
0.3032	-0.06032	17.6517
0.3007	-0.05914	17.1854
0.2982	-0.05864	17.1959
0.2934	-0.05676	17.6926
0.2894	-0.05628	17.7027
0.2824	-0.05368	17.2378
0.277	-0.05324	17.2482
0.2711	-0.05186	17.2585
0.2611	-0.04822	17.7529
0.2539	-0.0479	17.7627
0.2423	-0.04382	17.2995
0.2296	-0.04084	17.7923
0.2161	-0.03782	17.3298
0.2017	-0.03458	17.8214
0.1918	-0.0344	17.831
0.1817	-0.0323	17.8406
0.1661	-0.02698	17.3795
0.1554	-0.0268	17.3893
0.1391	-0.0213	17.8785
0.1227	-0.01798	17.4185
0.1101	-0.01698	17.9065
0.1081	-0.02082	17.9157
0.113	-0.02456	17.457
0.1131	-0.02266	17.9432
0.1237	-0.02898	17.9523
0.1439	-0.03686	17.4944
0.164	-0.04084	17.9793
0.1769	-0.04054	17.988
0.1954	-0.04648	17.5314
0.2073	-0.04622	17.5407
0.2243	-0.05166	18.0231
0.235	-0.05128	18.0318
0.2499	-0.05594	17.5765
0.2638	-0.05832	18.0575
0.2722	-0.0578	18.066
0.28	-0.05912	18.0744
0.2904	-0.06224	17.6209
0.2966	-0.0618	17.6296
0.302	-0.06256	17.6383
0.3089	-0.06454	18.1164
0.3126	-0.064	18.1247
0.3167	-0.06498	17.673
0.3185	-0.06442	17.6815
0.3196	-0.06436	17.6901
0.3198	-0.06404	18.1657
0.3184	-0.06312	17.7155
0.3165	-0.06254	17.7239
0.3124	-0.06084	18.198
0.3087	-0.06026	18.2061
0.302	-0.05772	17.7575
0.2937	-0.05542	18.23
0.2841	-0.05298	17.7822
0.273	-0.05016	18.2536
0.2608	-0.04728	17.8068
0.2473	-0.04406	18.277
0.2328	-0.04076	17.8311
0.2174	-0.03732	18.3001
0.2067	-0.03706	18.3077
0.1901	-0.03138	17.863
0.1786	-0.03112	17.871
0.161	-0.02516	18.3378
0.149	-0.025	18.3453
0.1309	-0.01894	17.9022
0.1063	-0.01142	17.9176
0.094	-0.01388	17.9253
0.0819	-0.01154	17.9331
0.067	-0.00744	18.3963
0.0577	-0.00782	17.9554
0.0498	-0.0068	18.4178
0.0483	-0.00906	17.9778
0.0479	-0.00942	17.9852
0.0477	-0.00946	17.9927
0.0477	-0.00954	18.4529
0.0479	-0.00966	18.0145
0.0484	-0.00988	18.4737
0.0488	-0.00992	18.4805
0.0498	-0.01036	18.0435
0.0505	-0.01038	18.0507
0.0519	-0.01094	18.5077
0.053	-0.01104	18.5144
0.0554	-0.01204	18.5277
0.0568	-0.01192	18.5344
0.059	-0.01268	18.1
0.0614	-0.01324	18.5541
0.064	-0.01384	18.1207
0.0658	-0.01388	18.1275
0.0686	-0.01484	18.58
0.0716	-0.01552	18.1479
0.0747	-0.01618	18.5992
0.0778	-0.0168	18.1681
0.081	-0.01748	18.6181
0.0831	-0.01746	18.6243
0.0863	-0.01854	18.1946
0.0895	-0.01918	18.6429
0.0926	-0.01976	18.2142
0.0947	-0.01978	18.2207
0.0977	-0.02074	18.6673
0.1006	-0.02128	18.24
0.1025	-0.02126	18.2463
0.1052	-0.02212	18.6914
0.1077	-0.02254	18.2653
0.1101	-0.02298	18.709
0.1115	-0.02286	18.7149
0.1136	-0.02356	18.2909
0.1176	-0.02512	18.7323
0.1348	-0.03384	18.7382
0.1634	-0.04412	18.3149
0.1699	-0.03658	18.3209
0.2002	-0.05216	18.7606
0.2377	-0.06254	18.3389
0.275	-0.06992	18.7769
0.2987	-0.06922	18.7822
0.3325	-0.08002	18.3614
0.3645	-0.0857	18.7977
0.3844	-0.08484	18.8027
0.412	-0.09344	18.3839
0.429	-0.0926	18.3895
0.452	-0.0996	18.8226
0.472	-0.1024	18.4059
0.4837	-0.10142	18.4113
0.4985	-0.10562	18.8426
0.51	-0.1066	18.4276
0.5158	-0.10548	18.433
0.5216	-0.10664	18.8627
0.5241	-0.10582	18.4493
0.5238	-0.10464	18.4547
0.5221	-0.10374	18.4602
0.5142	-0.09968	18.4711
0.508	-0.09912	18.4765
0.4961	-0.09446	18.9034
0.4812	-0.09028	18.4928
0.4696	-0.08928	18.4982
0.4567	-0.08618	18.5037
0.4351	-0.07838	18.9289
0.4193	-0.07754	18.934
0.4024	-0.07372	18.9392
0.3657	-0.05846	18.9492
0.3459	-0.06126	18.9542
0.3254	-0.05688	18.9593
0.2935	-0.04594	18.5518
0.2712	-0.04532	18.5571
0.2369	-0.03366	18.9786
0.2019	-0.02638	18.5723
0.178	-0.02604	18.5777
0.1419	-0.01394	18.9978
0.1178	-0.01392	19.0025
0.0819	-0.00202	18.5977
0.046	0.00516	19.0161
0.0224	0.00496	19.0205
-0.012	0.01616	18.617
-0.0458	0.02268	19.0337
-0.0675	0.02218	19.0379
-0.0987	0.03222	18.6357
-0.1284	0.03756	19.0504
-0.1471	0.0369	19.0545
-0.1732	0.04508	18.654
-0.1973	0.0491	19.0668
-0.2121	0.04834	19.0707
-0.2318	0.05424	18.672
-0.2491	0.05674	19.0828
-0.2635	0.05846	18.6854
-0.2715	0.0575	18.6898
-0.2767	0.05742	18.6942
-0.2856	0.06068	19.1027
-0.2666	0.04572	18.7077
-0.2362	0.03508	18.7121
-0.1839	0.01586	19.1191
-0.1464	0.01428	19.1234
-0.0893	-0.00498	18.7309
-0.0505	-0.00542	18.7355
0.0082	-0.02512	19.1401
0.0667	-0.03674	18.7486
0.1058	-0.0368	18.7528
0.1638	-0.05596	19.1556
0.2205	-0.06678	18.7649
0.2761	-0.07746	19.1665
0.3119	-0.0767	19.1698
0.3634	-0.09328	18.78
0.3965	-0.09254	18.783
0.4437	-0.10762	19.1828
0.4734	-0.10656	19.186
0.5148	-0.11952	18.7972
0.5528	-0.12576	19.1951
0.5758	-0.12436	19.1976
0.5969	-0.12782	19.2004
0.625	-0.13624	18.8152
0.6412	-0.13472	18.8188
0.6617	-0.14054	19.2125
0.6775	-0.14182	18.8298
0.6853	-0.14018	18.8335
0.6928	-0.14156	19.2249
0.6955	-0.14018	18.8447
0.6945	-0.1385	18.8486
0.689	-0.1356	19.2382
0.6787	-0.13162	18.8604
0.6714	-0.13136	18.8644
0.666	-0.13104	19.2524
0.6656	-0.13296	19.2558
0.6698	-0.13564	18.8806
0.6707	-0.1345	19.2662
0.667	-0.13192	18.8918
0.6618	-0.13028	18.8955
0.6503	-0.12546	19.2795
0.6343	-0.12046	18.9069
0.6213	-0.11906	18.9108
0.5981	-0.11034	19.2935
0.5712	-0.10348	18.9226
0.5402	-0.09564	19.304
0.5177	-0.09454	19.3077
0.4816	-0.08188	18.9387
0.4558	-0.08084	18.9427
0.4147	-0.0665	19.3223
0.3861	-0.06578	19.3256
0.3565	-0.05946	19.3293
0.295	-0.0344	19.3361
0.263	-0.0398	19.3395
0.1983	-0.01378	19.3459
0.1655	-0.01998	19.3491
0.1327	-0.01342	19.352
0.0838	0.0028	18.9862
0.0511	0.00286	18.9896
0.0028	0.01876	19.3639
-0.0445	0.02782	18.9992
-0.0905	0.0365	19.3723
-0.1345	0.0445	19.0081
-0.1578	0.04088	19.0108
-0.2001	0.05694	19.3826
-0.1586	0.01512	19.0193
-0.1315	0.01546	19.3904
-0.1012	0.00812	19.0283
-0.0696	0.00128	19.3995
-0.0372	-0.00552	19.0386
-0.0039	-0.01254	19.4082
0.0185	-0.01266	19.4111
0.0522	-0.02392	19.0521
0.0862	-0.03084	19.4193
0.1197	-0.03734	19.0619
0.1419	-0.03726	19.0651
0.185	-0.05424	19.0713
0.2165	-0.0559	19.4351
0.2367	-0.05542	19.4371
0.2655	-0.06462	19.0829
0.2929	-0.06954	19.4451
0.3101	-0.0689	19.4475
0.334	-0.07636	19.0945
0.3559	-0.07994	19.4552
0.3753	-0.08282	19.1024
0.3923	-0.08526	19.4629
0.4066	-0.08704	19.1095
0.4146	-0.08612	19.112
0.4242	-0.08868	19.4732
0.4309	-0.08886	19.1199
0.4339	-0.08798	19.1225
0.4358	-0.08792	19.4834
0.4349	-0.08662	19.1308
0.431	-0.08464	19.4909
0.4244	-0.08224	19.1392
0.4149	-0.07918	19.4983
0.4029	-0.07578	19.1479
0.3883	-0.07182	19.5057
0.3713	-0.06746	19.1569
0.352	-0.06268	19.5131
0.3308	-0.05768	19.1658
0.3076	-0.05224	19.5204
0.2828	-0.04664	19.1749
0.2655	-0.04618	19.1778
0.2384	-0.03684	19.5299
0.2104	-0.03088	19.1874
0.1911	-0.0305	19.1889
0.152	-0.01476	19.1946
0.132	-0.0184	19.1974
0.1022	-0.00852	19.5461
0.0726	-0.00268	19.2051
0.0431	0.00318	19.5529
0.0343	-0.00334	19.2126
0.0851	-0.03734	19.2149
0.0257	0.01862	19.22
0.0155	0.00098	19.2221
0.0474	-0.02224	19.5672
0.0803	-0.02922	19.2289
0.1132	-0.0358	19.5736
0.1454	-0.04196	19.2359
0.1665	-0.04174	19.2381
0.1973	-0.05178	19.5819
0.2269	-0.05722	19.2447
0.2553	-0.06242	19.5881
0.2732	-0.0618	19.5901
0.2985	-0.06982	19.2528
0.3221	-0.07386	19.5962
0.3434	-0.0772	19.2587
0.3625	-0.08014	19.6021
0.3739	-0.07934	19.604
0.3887	-0.08366	19.2669
0.401	-0.08512	19.6106
0.4106	-0.08596	19.2719
0.4174	-0.0862	19.6166
0.4229	-0.08678	19.2769
0.4539	-0.10318	19.6235
0.4903	-0.11262	19.6257
0.5592	-0.1394	19.2826
0.6276	-0.15288	19.6312
0.6907	-0.16338	19.2836
0.7298	-0.1616	19.2828
0.7831	-0.17794	19.6328
0.83	-0.18476	19.2837
0.8576	-0.18256	19.2836
0.8932	-0.19288	19.6347
0.9215	-0.19562	19.286
0.9425	-0.1969	19.6377
0.9523	-0.19438	19.6388
0.9607	-0.1955	19.2902
0.9616	-0.19268	19.6435
0.9582	-0.19028	19.6451
0.9514	-0.18756	19.6474
0.9355	-0.18074	19.2995
0.9123	-0.17318	19.6519
0.8826	-0.16464	19.3078
0.8591	-0.16242	19.3114
0.8187	-0.14758	19.6602
0.7886	-0.14568	19.6624
0.739	-0.12796	19.3212
0.6839	-0.11474	19.6694
0.6446	-0.1132	19.672
0.5826	-0.09172	19.3319
0.5162	-0.07668	19.6787
0.4471	-0.06178	19.3406
0.3871	-0.05342	19.6845
0.3605	-0.06146	19.349
0.3658	-0.07528	19.3518
0.3829	-0.08342	19.6908
0.3976	-0.0854	19.359
0.4058	-0.08444	19.361
0.4156	-0.08704	19.6956
0.4206	-0.08612	19.697
0.4256	-0.08712	19.3688
0.4276	-0.08632	19.7012
0.4273	-0.08534	19.7026
0.4245	-0.08378	19.3763
0.4188	-0.08148	19.7072
0.4134	-0.08052	19.7088
0.4033	-0.07662	19.3843
0.3903	-0.07286	19.7138
0.3803	-0.07206	19.7157
0.3635	-0.06598	19.391
0.3443	-0.06118	19.721
0.3303	-0.06046	19.7228
0.3079	-0.05262	19.3978
0.2864	-0.04868	19.7281
0.2975	-0.06394	19.7299
0.3074	-0.06544	19.4049
0.3423	-0.08242	19.7345
0.3656	-0.08244	19.736
0.3983	-0.09274	19.4107
0.4282	-0.0976	19.7395
0.4464	-0.09656	19.7405
0.4707	-0.10386	19.4156
0.4918	-0.1068	19.744
0.5038	-0.10556	19.745
0.5187	-0.1097	19.4205
0.5298	-0.1104	19.7486
0.5351	-0.10914	19.7498
0.5398	-0.10984	19.4265
0.5407	-0.1085	19.4273
0.5389	-0.10706	19.7553
0.5334	-0.10448	19.4312
0.5275	-0.10314	19.4325
0.5157	-0.09842	19.7619
0.5003	-0.0939	19.4363
0.4814	-0.08872	19.7671
0.467	-0.08764	19.7688
0.4513	-0.08398	19.7705
0.4255	-0.07478	19.4441
0.3966	-0.06776	19.7752
0.3654	-0.0606	19.4492
0.3319	-0.05298	19.7797
0.3086	-0.0524	19.7812
0.2725	-0.04006	19.4566
0.2476	-0.03956	19.4583
0.2093	-0.02654	19.7865
0.1704	-0.01852	19.4636
0.1445	-0.01854	19.4652
0.1324	-0.02164	19.7913
0.1633	-0.04502	19.4704
0.2502	-0.0848	19.7951
0.3433	-0.1059	19.4737
0.404	-0.10508	19.4736
0.4918	-0.13348	19.7956
0.548	-0.13208	19.7961
0.628	-0.1576	19.47
0.7033	-0.17078	19.7963
0.7502	-0.1688	19.7957
0.815	-0.18892	19.4647
0.8546	-0.18676	19.4639
0.908	-0.20296	19.7945
0.954	-0.2092	19.46
0.9804	-0.20664	19.4584
1.0132	-0.21576	19.7944
1.0378	-0.2174	19.4575
1.054	-0.21728	19.7956
1.0601	-0.21446	19.7964
1.0623	-0.21334	19.4572
1.056	-0.20868	19.7979
1.0473	-0.20598	19.7995
1.0277	-0.1977	19.4614
1	-0.18892	19.804
0.9841	-0.19046	19.8053
0.9759	-0.1919	19.4664
0.9838	-0.19992	19.8107
0.9862	-0.1982	19.8117
0.9834	-0.19556	19.4716
0.9772	-0.19296	19.4728
0.9614	-0.18596	19.815
0.9385	-0.17854	19.4766
0.9191	-0.17606	19.4789
0.8843	-0.16294	19.8193
0.8431	-0.15214	19.4857
0.8121	-0.15002	19.4883
0.7426	-0.12072	19.4935
0.7041	-0.12542	19.496
0.6426	-0.10392	19.8285
0.5771	-0.08922	19.5037
0.5075	-0.07366	19.8321
0.4351	-0.05806	19.5108
0.3854	-0.0572	19.5128
0.3526	-0.0574	19.8378
0.3577	-0.07358	19.5175
0.3911	-0.09158	19.8416
0.4141	-0.09202	19.8423
0.4457	-0.10178	19.522
0.4649	-0.10066	19.5229
0.4907	-0.10846	19.844
0.5128	-0.1114	19.5251
0.5254	-0.11012	19.5257
0.541	-0.11444	19.8467
0.5491	-0.11306	19.8475
0.5579	-0.1151	19.529
0.5626	-0.1144	19.8499
0.5632	-0.11288	19.532
0.5612	-0.11144	19.5331
0.555	-0.10852	19.8535
0.5486	-0.10716	19.8544
0.5358	-0.10204	19.5375
0.5191	-0.09714	19.8579
0.506	-0.09596	19.8592
0.4836	-0.08776	19.5419
0.4577	-0.08118	19.8633
0.4388	-0.0802	19.8648
0.4083	-0.06946	19.5465
0.3749	-0.06162	19.8682
0.3514	-0.06088	19.8694
0.3148	-0.04832	19.5518
0.2761	-0.03974	19.8729
0.2495	-0.03926	19.8739
0.2091	-0.02566	19.5569
0.1675	-0.01686	19.8769
0.1256	-0.00836	19.5605
0.0841	-0.00022	19.8796
0.0665	-0.00626	19.5636
0.0746	-0.01816	19.5645
0.1187	-0.04138	19.8828
0.1851	-0.06358	19.5677
0.229	-0.06336	19.5684
0.2932	-0.08432	19.8853
0.3347	-0.08354	19.8858
0.3943	-0.1027	19.5686
0.4513	-0.11306	19.887
0.4873	-0.11186	19.8869
0.5537	-0.1373	19.8869
0.5986	-0.13768	19.5684
0.626	-0.13616	19.5675
0.6626	-0.14716	19.8873
0.6841	-0.14542	19.8878
0.7032	-0.14828	19.8878
0.7273	-0.1551	19.567
0.7458	-0.15656	19.8891
0.7585	-0.15678	19.5677
0.7653	-0.15578	19.8901
0.7665	-0.15378	19.8905
0.7635	-0.1515	19.5698
0.7582	-0.14952	19.5702
0.7454	-0.14396	19.8935
0.7272	-0.13816	19.5733
0.7033	-0.1311	19.8967
0.6846	-0.12944	19.898
0.6527	-0.11778	19.5773
0.6288	-0.1162	19.5782
0.5981	-0.10734	19.903
0.5854	-0.112	19.904
0.5809	-0.11438	19.5843
0.5762	-0.11336	19.9068
0.5674	-0.10996	19.5879
0.5591	-0.1085	19.589
0.5434	-0.1024	19.9095
0.5239	-0.09698	19.5925
0.5006	-0.0908	19.9118
0.4832	-0.08968	19.9127
0.4545	-0.07942	19.5976
0.4336	-0.07836	19.5987
0.4	-0.06656	19.9164
0.3763	-0.06578	19.9173
0.3389	-0.05282	19.6032
0.2993	-0.04402	19.9202
0.2583	-0.03526	19.6068
0.2302	-0.0348	19.6076
0.1874	-0.02036	19.9239
0.1791	-0.0325	19.9248
0.1767	-0.03438	19.6108
0.1929	-0.04506	19.927
0.2201	-0.0549	19.6136
0.2377	-0.05458	19.6143
0.2627	-0.06254	19.9296
0.2859	-0.06646	19.6161
0.3004	-0.06588	19.6167
0.3203	-0.07202	19.9319
0.338	-0.07468	19.6186
0.3535	-0.0769	19.9336
0.3665	-0.0785	19.6204
0.377	-0.0796	19.9354
0.3825	-0.0787	19.936
0.3886	-0.08016	19.6229
0.392	-0.07976	19.9379
0.3928	-0.07888	19.6252
0.3919	-0.07802	19.6257
0.3882	-0.07616	19.9406
0.382	-0.07392	19.6277
0.3732	-0.07112	19.9429
0.366	-0.07032	19.9437
0.3533	-0.06558	19.6305
0.3383	-0.06166	19.946
0.3271	-0.06094	19.9467
0.3088	-0.05444	19.6339
0.2886	-0.04964	19.9491
0.2742	-0.04908	19.9499
0.2515	-0.04122	19.6373
0.2274	-0.03584	19.9521
0.2107	-0.03546	19.9528
0.1851	-0.02678	19.6405
0.1586	-0.02112	19.9549
0.1407	-0.02098	19.9556
0.1137	-0.01194	19.6435
0.0865	-0.00642	19.9576
0.0685	-0.0065	19.9582
0.042	0.0022	19.6461
0.0355	-0.0045	19.9599
0.0362	-0.00752	19.648
0.0292	-0.00304	19.6488
0.0556	-0.02168	19.9624
0.0738	-0.02204	19.9631
0.101	-0.03108	19.6513
0.1281	-0.03646	19.9649
0.1545	-0.04146	19.6531
0.1717	-0.04122	19.6536
0.1966	-0.04928	19.967
0.2204	-0.0536	19.6551
0.243	-0.05764	19.9686
0.2571	-0.05706	19.9691
0.2769	-0.0633	19.657
0.2951	-0.0663	19.9705
0.3113	-0.06874	19.6584
0.3254	-0.07072	19.9719
0.3336	-0.07	19.9723
0.344	-0.07296	19.6602
0.3521	-0.07366	19.9738
0.3563	-0.07294	19.9742
0.3604	-0.07372	19.6623
0.3622	-0.07316	19.9757
0.362	-0.07232	19.9763
0.3599	-0.07114	19.6646
0.3552	-0.06916	19.978
0.3484	-0.06696	19.6661
0.3392	-0.06416	19.9799
0.3422	-0.06964	19.6679
0.3527	-0.07474	19.9817
0.3641	-0.07738	19.9822
0.3899	-0.0883	19.6701
0.4073	-0.08842	19.6706
0.431	-0.09568	19.9834
0.445	-0.0946	19.9837
0.4632	-0.09992	19.6714
0.478	-0.10152	19.9843
0.4893	-0.10238	19.6723
0.4948	-0.10116	19.6727
0.4987	-0.1013	19.673
0.5015	-0.10142	19.9858
0.5007	-0.09982	19.6744
0.4963	-0.0975	19.987
0.4914	-0.09632	19.9875
0.4812	-0.09216	19.6766
0.4675	-0.08802	19.9891
0.4566	-0.08696	19.9895
0.4377	-0.07998	19.6792
0.4158	-0.0744	19.9914
0.3912	-0.0684	19.6812
0.3734	-0.06756	19.6819
0.3447	-0.05746	19.9942
0.3245	-0.05682	19.9949
0.2928	-0.04588	19.6847
0.2592	-0.0384	19.9966
0.2361	-0.03798	19.9972
0.2008	-0.02604	19.6872
0.1644	-0.01832	19.999
0.1277	-0.01086	19.6888
0.1032	-0.01084	19.6893
0.0665	0.00138	20.0008
0.0303	0.00842	19.6906
0.0065	0.00822	19.6909
-0.0284	0.01964	20.0022
-0.062	0.02584	19.6918
-0.0836	0.02536	19.692
-0.1145	0.03526	20.0034
-0.1434	0.04024	19.6926
-0.1615	0.03954	19.6927
-0.1867	0.04742	20.0043
-0.2021	0.04658	20.0047
-0.2291	0.05662	20.0048
-0.24	0.05236	20.0051
-0.2492	0.05352	19.6939
-0.2599	0.05626	20.0056
-0.2232	0.02996	19.6951
-0.2026	0.03228	19.6954
-0.1702	0.02108	20.0073
-0.1343	0.0125	19.6975
-0.1094	0.01192	19.6981
-0.0708	-0.00128	20.0096
-0.0313	-0.00954	19.6999
0.0093	-0.0181	20.0111
0.0365	-0.01818	20.0116
0.0771	-0.03166	19.7018
0.1043	-0.03174	19.7022
0.1446	-0.04504	20.013
0.1841	-0.05262	19.7032
0.2227	-0.05998	20.0139
0.2596	-0.06668	19.7036
0.2949	-0.0731	20.0144
0.3173	-0.07242	20.0145
0.3488	-0.08236	19.7038
0.378	-0.08728	20.0149
0.4044	-0.09144	19.7041
0.4204	-0.09048	19.7041
0.4417	-0.09686	20.0152
0.4598	-0.0992	19.7043
0.47	-0.09808	19.7043
0.4824	-0.10144	20.0159
0.4887	-0.10026	20.0162
0.4965	-0.10242	20.0166
0.498	-0.1002	20.0169
0.4972	-0.09912	19.7056
0.4947	-0.09794	19.706
0.4879	-0.09486	20.0181
0.4778	-0.09152	19.7073
0.4691	-0.09034	19.7079
0.4534	-0.0844	20.0197
0.4347	-0.07946	19.7095
0.4205	-0.07842	19.7101
0.397	-0.07	20.0216
0.3709	-0.06374	19.7119
0.3522	-0.06296	19.7126
0.3224	-0.05256	20.0236
0.2908	-0.04552	19.7144
0.2688	-0.04496	19.7149
0.2462	-0.0402	19.7155
0.2113	-0.0283	20.026
0.1756	-0.02084	19.7169
0.1391	-0.01322	20.0272
0.1147	-0.01318	20.0276
0.0903	-0.0083	20.0279
0.0541	0.00366	19.7188
0.0181	0.01078	20.0289
-0.0055	0.01054	20.0291
-0.0397	0.02162	19.7196
-0.0729	0.02786	20.0297
-0.1043	0.03342	19.7201
-0.1242	0.0328	19.7202
-0.1523	0.0417	20.0299
-0.1698	0.04096	20.0301
-0.1939	0.04842	19.7204
-0.2155	0.05174	20.0304
-0.2343	0.05438	19.7207
-0.2502	0.0564	20.0306
-0.259	0.05532	20.0307
-0.267	0.0566	19.7212
-0.3009	0.07374	20.0312
-0.4294	0.13728	20.0314
-0.7339	0.26858	19.8173
-0.6198	0.07832	19.8707
-0.4619	0.02922	19.7886
0.3683	-0.40574	19.7991
0.2529	-0.00442	19.8221
0.2001	-0.0189	19.7853
0.1746	-0.02472	19.6885
0.1949	-0.0471	19.7416
0.2553	-0.07522	19.7545
0.3026	-0.07944	19.7276
0.3745	-0.10366	19.7522
0.4446	-0.11696	19.7089
0.511	-0.12876	19.7366
0.553	-0.1274	19.7336
0.6119	-0.14594	19.7177
0.6659	-0.15478	19.7285
0.7147	-0.16246	19.7147
0.7575	-0.16862	19.7244
0.7827	-0.16662	19.7234
0.815	-0.17592	19.7086
0.8409	-0.17854	19.7218
0.8602	-0.17976	19.7063
0.8693	-0.1775	19.7055
0.877	-0.17848	19.7203
0.8784	-0.17624	19.7203
0.8748	-0.17352	19.7044
0.8644	-0.16872	19.7208
0.8474	-0.16268	19.7053
0.8239	-0.15538	19.7221
0.7943	-0.14702	19.7076
0.7587	-0.1375	19.7241
0.7177	-0.12714	19.7111
0.6715	-0.11582	19.7266
0.6381	-0.11426	19.7276
0.5847	-0.09558	19.7171
0.5271	-0.08238	19.7299
0.4661	-0.06882	19.7213
0.4239	-0.0679	19.7229
0.3588	-0.04572	19.7326
0.2918	-0.03156	19.7271
0.2233	-0.01726	19.7341
0.1543	-0.00326	19.7306
0.0622	0.0244	19.7325
0.0165	0.01498	19.7332
-0.0505	0.0369	19.7327
-0.0943	0.03638	19.7325
-0.1579	0.05702	19.7347
-0.2193	0.06842	19.7316
-0.2776	0.07884	19.7355
-0.3144	0.0776	19.7354
-0.3662	0.09396	19.7278
-0.4138	0.1018	19.7355
-0.4569	0.10862	19.7258
-0.4828	0.10692	19.7247
-0.517	0.11708	19.7342
-0.5369	0.11534	19.7341
-0.5542	0.11776	19.7336
-0.569	0.11972	19.7336
-0.5864	0.12424	19.7206
-0.5947	0.12226	19.7203
-0.6022	0.12344	19.7331
-0.6037	0.12134	19.7192
-0.5992	0.11804	19.733
-0.5888	0.1136	19.719
-0.5726	0.10804	19.7333
-0.5587	0.10618	19.7335
-0.5425	0.10202	19.7338
-0.5138	0.09128	19.7208
-0.4799	0.08242	19.7342
-0.4548	0.08092	19.7346
-0.4136	0.06624	19.7234
-0.3838	0.06484	19.724
-0.3361	0.04814	19.7353
-0.2851	0.03662	19.726
-0.2495	0.03566	19.7266
-0.1941	0.01666	19.7354
-0.1366	0.00432	19.7287
-0.0775	-0.00814	19.735
-0.0376	-0.00844	19.7347
0.0225	-0.02854	19.7306
0.083	-0.0408	19.7334
0.1231	-0.04066	19.7329
0.1823	-0.06014	19.7313
0.2406	-0.07144	19.7306
0.2785	-0.07086	19.7299
0.3333	-0.08858	19.731
0.3858	-0.09816	19.7271
0.4193	-0.09726	19.7261
0.4664	-0.11212	19.7299
0.5102	-0.11956	19.7231
0.5499	-0.12586	19.729
0.5854	-0.13128	19.7201
0.6162	-0.13556	19.7281
0.634	-0.13392	19.7277
0.6567	-0.14042	19.7168
0.6742	-0.14184	19.7272
0.6867	-0.14234	19.7157
0.692	-0.14052	19.7154
0.6955	-0.1405	19.7271
0.6938	-0.13808	19.7153
0.6868	-0.13456	19.7278
0.6748	-0.13016	19.7162
0.6577	-0.1247	19.7289
0.6436	-0.12308	19.7294
0.6188	-0.11384	19.7189
0.5997	-0.1123	19.7196
0.5677	-0.10074	19.7317
0.5317	-0.09194	19.7224
0.492	-0.08252	19.7335
0.4493	-0.07278	19.7258
0.4036	-0.06244	19.7353
0.3719	-0.0617	19.7359
0.3228	-0.04492	19.7304
0.2718	-0.03396	19.7373
0.2371	-0.03354	19.7378
0.1846	-0.01592	19.7344
0.1313	-0.00494	19.7384
0.0781	0.00566	19.7369
0.0253	0.01606	19.7385
-0.0094	0.01576	19.7384
-0.06	0.03224	19.7393
-0.1093	0.04158	19.738
-0.1565	0.05018	19.7406
-0.1866	0.04936	19.7408
-0.2294	0.063	19.7361
-0.2691	0.0697	19.7415
-0.2938	0.06864	19.7414
-0.3277	0.0791	19.7344
-0.3578	0.0836	19.7418
-0.3757	0.0823	19.7416
-0.399	0.08912	19.7327
-0.4178	0.09108	19.7417
-0.4323	0.09226	19.7319
-0.442	0.09228	19.7417
-0.4471	0.09146	19.7312
-0.4479	0.0899	19.7311
-0.4452	0.08796	19.7419
-0.438	0.08472	19.7313
-0.4262	0.08052	19.7422
-0.4101	0.07558	19.7319
-0.3971	0.07422	19.7322
-0.3741	0.06562	19.7429
-0.3474	0.0588	19.7334
-0.317	0.05124	19.7433
-0.2834	0.04324	19.7348
-0.2594	0.04228	19.7354
-0.2211	0.0289	19.7437
-0.1943	0.02814	19.7437
-0.1524	0.01372	19.7375
-0.1085	0.00414	19.7436
-0.0634	-0.00536	19.7388
-0.0327	-0.00574	19.7392
0.0138	-0.02136	19.7427
0.0605	-0.03078	19.7402
0.0917	-0.03082	19.7402
0.1381	-0.04618	19.7412
0.1686	-0.04592	19.7408
0.2132	-0.06048	19.7408
0.2567	-0.06874	19.7394
0.2847	-0.06814	19.7389
0.3248	-0.081	19.7409
0.3628	-0.08776	19.737
0.3981	-0.09374	19.7407
0.4305	-0.09906	19.735
0.4595	-0.1035	19.7404
0.477	-0.1024	19.7402
0.5001	-0.10926	19.7327
0.5196	-0.11172	19.7401
0.5304	-0.1104	19.7399
0.5434	-0.11388	19.7315
0.5522	-0.11396	19.7401
0.5571	-0.11338	19.7312
0.558	-0.11196	19.7312
0.5559	-0.11034	19.7407
0.5499	-0.10758	19.7318
0.5398	-0.10392	19.7415
0.526	-0.09968	19.7329
0.5147	-0.09842	19.7334
0.4948	-0.091	19.743
0.4715	-0.08498	19.7353
0.4456	-0.07876	19.7443
0.4284	-0.0788	19.7448
0.4076	-0.0732	19.7384
0.4017	-0.07798	19.7461
0.4238	-0.0936	19.7406
0.4588	-0.10576	19.7412
0.544	-0.14288	19.7477
0.666	-0.182	19.7404
0.7286	-0.17076	19.7463
0.2909	0.1169	19.7298
0.1263	0.04058	19.728
0.0492	0.021	19.6994
0.012	0.01248	19.7011
-0.0117	0.01182	19.7005
-0.0464	0.02316	19.6988
-0.0799	0.02938	19.7009
-0.112	0.03524	19.6997
-0.1421	0.04046	19.7036
-0.161	0.03976	19.7041
-0.1874	0.04804	19.7
-0.2035	0.04714	19.7003
-0.2254	0.05384	19.7059
-0.2446	0.0566	19.7008
-0.2558	0.05564	19.701
-0.2655	0.05698	19.701
-0.2774	0.06024	19.7081
-0.2837	0.05926	19.7085
-0.2903	0.0607	19.7019
-0.2936	0.06004	19.7097
-0.2937	0.05878	19.7027
-0.2903	0.0567	19.7108
-0.2863	0.05566	19.7112
-0.2778	0.05216	19.7042
-0.266	0.04848	19.7123
-0.2565	0.0475	19.7127
-0.2401	0.04146	19.7062
-0.2207	0.03638	19.7137
-0.199	0.03112	19.7078
-0.1832	0.03032	19.7084
-0.1577	0.02134	19.715
-0.1396	0.02068	19.7153
-0.1112	0.01088	19.7108
-0.0812	0.00424	19.716
-0.0499	-0.00254	19.7124
-0.0176	-0.0094	19.7165
0.0042	-0.00956	19.7167
0.0372	-0.02064	19.7146
0.0704	-0.02736	19.5586
0.1035	-0.03394	19.6494
0.1256	-0.03396	19.4885
0.1586	-0.04492	19.7726
0.1905	-0.05086	19.6528
0.2112	-0.05052	19.7202
0.241	-0.06012	19.6865
0.2694	-0.06524	19.6859
0.2964	-0.07008	19.8215
0.3132	-0.06936	19.8138
0.3363	-0.0765	19.6231
0.3505	-0.07578	19.6809
0.3698	-0.08168	19.7134
0.3866	-0.08404	19.7133
0.3963	-0.08314	19.7155
0.4086	-0.08664	19.7167
0.418	-0.08736	19.7186
0.4246	-0.08756	19.7169
0.4299	-0.0881	19.721
0.4417	-0.09306	19.7196
0.4803	-0.1115	19.7243
0.4701	-0.08994	19.7252
0.4976	-0.11052	19.7219
0.5335	-0.12106	19.7267
0.5657	-0.12602	19.7234
0.5933	-0.1297	19.7292
0.6162	-0.1324	19.7229
0.6288	-0.1308	19.7229
0.6434	-0.13452	19.7324
0.6532	-0.13456	19.7234
0.6578	-0.1334	19.736
0.6576	-0.13144	19.7248
0.6522	-0.12828	19.7384
0.646	-0.12672	19.7397
0.6328	-0.12128	19.7277
0.6149	-0.11582	19.7432
0.5926	-0.1096	19.7311
0.566	-0.10256	19.746
0.5461	-0.10126	19.7472
0.5134	-0.0896	19.7361
0.4769	-0.08078	19.7502
0.4374	-0.07168	19.7402
0.4095	-0.07074	19.7415
0.3658	-0.05568	19.7544
0.3199	-0.04562	19.7452
0.2722	-0.03536	19.7572
0.2233	-0.0251	19.7491
0.1903	-0.02486	19.7503
0.1404	-0.00812	19.7597
0.0904	0.00192	19.7537
0.0572	0.00184	19.7546
0.008	0.01808	19.7613
-0.0401	0.02726	19.7577
-0.0693	0.02554	19.7591
-0.097	0.03048	19.7612
-0.1053	0.02438	19.7618
-0.0956	0.01524	19.762
-0.0804	0.01	19.7649
-0.0695	0.00954	19.766
-0.0522	0.00352	19.7648
-0.0338	-0.0006	19.7684
-0.0146	-0.00476	19.7679
-0.0014	-0.005	19.7688
0.019	-0.01196	19.7714
0.0397	-0.01622	19.7716
0.0608	-0.0206	19.7736
0.0749	-0.02062	19.7743
0.0889	-0.02338	19.7749
0.1097	-0.03026	19.7762
0.1304	-0.03436	19.7779
0.1439	-0.03418	19.7784
0.1699	-0.04438	19.7796
0.1824	-0.04148	19.7805
0.1944	-0.04368	19.7813
0.2114	-0.04908	19.7812
0.2275	-0.05194	19.7835
0.2374	-0.05144	19.7838
0.251	-0.05564	19.7848
0.2633	-0.05758	19.7851
0.2705	-0.05698	19.7857
0.277	-0.058	19.7862
0.2853	-0.06038	19.7887
0.2919	-0.06102	19.7879
0.2966	-0.0612	19.7907
0.2995	-0.06106	19.7907
0.3005	-0.0605	19.7921
0.3001	-0.05986	19.7927
0.2981	-0.05882	19.794
0.2957	-0.05818	19.795
0.293	-0.05752	19.7945
0.3075	-0.0673	19.7975
0.3421	-0.08226	19.7972
0.3809	-0.0917	19.7979
0.4368	-0.10972	19.7981
0.4894	-0.11892	19.7996
0.5382	-0.12716	19.7963
0.5683	-0.1257	19.796
0.6094	-0.13832	19.7987
0.6341	-0.1367	19.7987
0.6767	-0.15238	19.7987
0.6946	-0.14608	19.7989
0.7166	-0.15212	19.7933
0.7329	-0.1531	19.7964
0.7434	-0.15288	19.7933
0.7471	-0.1509	19.7917
0.7476	-0.14972	19.7997
0.7617	-0.15798	19.7927
0.8173	-0.1857	19.8015
0.9111	-0.21974	19.7915
1.0024	-0.237	19.796
1.085	-0.25004	19.7833
1.1347	-0.24682	19.7787
1.2005	-0.26642	19.7887
1.2564	-0.27364	19.7702
1.3014	-0.27828	19.7831
1.3355	-0.28074	19.7605
1.3582	-0.28072	19.7818
1.3697	-0.27854	19.754
1.371	-0.27472	19.7527
1.3637	-0.26982	19.7799
1.3455	-0.26182	19.7543
1.3273	-0.25818	19.7551
1.2913	-0.24386	19.7849
1.2452	-0.2306	19.7603
1.1892	-0.21544	19.7893
1.1469	-0.21246	19.7908
1.0766	-0.1872	19.7696
1.0251	-0.18442	19.7715
0.9708	-0.17244	19.7743
0.9107	-0.1581	19.8026
0.9083	-0.1807	19.7837
0.9418	-0.20176	19.8037
0.9605	-0.19958	19.8047
0.9818	-0.20488	19.788
0.9915	-0.20218	19.7881
0.9994	-0.20304	19.8026
1.0002	-0.20036	19.8034
0.9974	-0.19836	19.8046
0.9866	-0.193	19.7868
0.975	-0.19036	19.7853
0.9416	-0.17496	19.7899
0.9199	-0.1753	19.791
0.8817	-0.16106	19.8079
0.8525	-0.15882	19.8086
0.8109	-0.14554	19.798
0.8426	-0.1812	19.8097
0.9481	-0.23182	19.8014
1.0337	-0.24098	19.8003
1.1541	-0.27898	19.8074
1.2645	-0.29706	19.7849
1.3636	-0.31236	19.7917
1.4229	-0.3083	19.7877
1.4764	-0.31668	19.7832
1.5463	-0.33722	19.7567
1.5858	-0.33296	19.7536
1.6335	-0.34578	19.7718
1.6676	-0.34716	19.7386
1.6827	-0.34258	19.7339
1.6933	-0.3429	19.7634
1.6901	-0.33674	19.7297
1.6803	-0.33214	19.7289
1.6542	-0.3204	19.7676
1.6148	-0.3072	19.7302
1.5814	-0.30292	19.7321
1.521	-0.28004	19.7746
1.4487	-0.26082	19.7359
1.3918	-0.2556	19.784
1.3807	-0.2717	19.7816
1.3871	-0.27998	19.752
1.4103	-0.29134	19.7862
1.4196	-0.28764	19.7868
1.4237	-0.28638	19.7541
1.4159	-0.28006	19.7858
1.3967	-0.27166	19.7545
1.367	-0.26152	19.7895
1.3421	-0.25846	19.7909
1.2955	-0.24046	19.7595
1.2381	-0.22466	19.7907
1.1711	-0.20742	19.7665
1.095	-0.18856	19.7976
1.0111	-0.16866	19.7749
0.951	-0.16616	19.7776
0.8558	-0.13308	19.8045
0.7889	-0.13102	19.806
0.7078	-0.10912	19.7883
0.6739	-0.12122	19.7905
0.6648	-0.12932	19.8098
0.662	-0.13128	19.7971
0.6543	-0.12778	19.8122
0.6465	-0.12618	19.8125
0.6365	-0.1233	19.8129
0.6176	-0.11596	19.8014
0.594	-0.10936	19.814
0.5662	-0.10212	19.8035
0.5453	-0.1007	19.8041
0.5111	-0.08854	19.8184
0.4734	-0.0796	19.8081
0.4464	-0.07848	19.8095
0.4038	-0.06372	19.8201
0.3587	-0.0537	19.8131
0.3274	-0.05296	19.8144
0.2792	-0.03656	19.8214
0.2296	-0.02608	19.8185
0.179	-0.01556	19.8227
0.145	-0.0154	19.8233
0.0943	0.00142	19.8214
0.0605	0.00142	19.8222
0.0365	0.0023	19.8227
0.0696	-0.02716	19.8255
0.1362	-0.05388	19.8232
0.2029	-0.06726	19.8273
0.2681	-0.0797	19.8243
0.3103	-0.07894	19.8243
0.3712	-0.0986	19.825
0.4103	-0.0977	19.8244
0.4478	-0.10456	19.8234
0.501	-0.12148	19.8256
0.5506	-0.12996	19.8214
0.5958	-0.13724	19.8258
0.6232	-0.1356	19.8249
0.6601	-0.14678	19.818
0.6818	-0.14504	19.8175
0.7097	-0.1531	19.8249
0.7321	-0.15538	19.8164
0.7438	-0.15344	19.816
0.7565	-0.15638	19.8253
0.7633	-0.15538	19.8149
0.7645	-0.15338	19.8146
0.7614	-0.15104	19.8277
0.7525	-0.14694	19.8149
0.7451	-0.14606	19.8152
0.7375	-0.14446	19.8298
0.7331	-0.14486	19.8174
0.7246	-0.14152	19.8318
0.7107	-0.13658	19.8188
0.6985	-0.13482	19.8195
0.6758	-0.12608	19.8341
0.6578	-0.12436	19.8346
0.6271	-0.11314	19.8227
0.6041	-0.11162	19.8233
0.5661	-0.09802	19.8384
0.5241	-0.08802	19.8261
0.4941	-0.08682	19.8271
0.4628	-0.08004	19.8283
0.4133	-0.06286	19.842
0.3612	-0.0514	19.832
0.3253	-0.0507	19.8329
0.2888	-0.04316	19.8341
0.2328	-0.02416	19.8437
0.1758	-0.01236	19.8373
0.1375	-0.01218	19.8381
0.0802	0.00688	19.8437
0.0423	0.0067	19.8439
-0.0138	0.0252	19.8409
-0.0681	0.03534	19.8438
0.1672	-0.12756	19.8435
0.1885	-0.04622	19.8429
0.1058	0.01192	19.8336
-0.0837	0.09254	19.8286
-0.0769	0.01266	19.8294
-0.0618	0.00632	19.8207
-0.044	0.00168	19.8254
-0.0254	-0.00236	19.8233
-0.006	-0.00656	19.8259
0.0073	-0.00678	19.8267
0.0274	-0.01352	19.8257
0.041	-0.01364	19.8264
0.0617	-0.02062	19.8287
0.0824	-0.02476	19.8286
0.1031	-0.0289	19.83
0.1167	-0.02878	19.8304
0.1366	-0.03528	19.8314
0.1561	-0.03902	19.8316
0.1748	-0.04244	19.8329
0.1868	-0.04216	19.8335
0.204	-0.04768	19.8333
0.2148	-0.04728	19.8338
0.2298	-0.05196	19.8357
0.2436	-0.05424	19.8351
0.252	-0.05376	19.8355
0.2633	-0.05718	19.8381
0.2699	-0.05662	19.8388
0.2785	-0.05914	19.8365
0.2853	-0.05978	19.8405
0.2904	-0.06012	19.8376
0.2936	-0.06	19.8422
0.2947	-0.05938	19.8428
0.2949	-0.05906	19.8391
0.294	-0.05844	19.8399
0.2912	-0.05712	19.8448
0.2866	-0.05548	19.8413
0.2826	-0.05492	19.8418
0.2752	-0.05208	19.8468
0.2662	-0.04964	19.8436
0.2557	-0.04694	19.8483
0.2438	-0.044	19.8451
0.2306	-0.04084	19.85
0.2212	-0.04048	19.8506
0.2062	-0.03524	19.8474
0.1957	-0.03494	19.848
0.1792	-0.02924	19.8524
0.1621	-0.02558	19.8497
0.1503	-0.02534	19.8503
0.1384	-0.02292	19.851
0.1202	-0.01676	19.8542
0.1079	-0.01666	19.8547
0.0897	-0.01066	19.8536
0.0713	-0.0069	19.8556
0.0593	-0.00706	19.8559
0.0416	-0.00124	19.8562
0.0244	0.002	19.8566
0.0078	0.00508	19.8577
-0.008	0.00792	19.8575
-0.0179	0.00754	19.8578
-0.0319	0.01198	19.8598
-0.0449	0.01418	19.8586
-0.0529	0.01378	19.8588
-0.0636	0.017	19.8619
-0.073	0.01836	19.8595
-0.0785	0.0179	19.8598
-0.0854	0.01984	19.8641
-0.0908	0.02032	19.8604
-0.0935	0.01978	19.8607
-0.0962	0.02032	19.8662
-0.1011	0.02218	19.8614
-0.1202	0.03168	19.8678
-0.1046	0.01468	19.8623
-0.0881	0.01102	19.8625
-0.0799	0.0127	19.8627
-0.0696	0.0098	19.8699
-0.0581	0.00702	19.8645
-0.0452	0.00388	19.8712
-0.0361	0.00358	19.8717
-0.0217	-0.00142	19.8664
-0.0116	-0.00172	19.8669
0.0042	-0.00716	19.8732
0.0206	-0.01068	19.8686
0.0376	-0.01432	19.8741
0.049	-0.01436	19.8744
0.0663	-0.02018	19.8707
0.0837	-0.0237	19.8752
0.101	-0.02712	19.8722
0.1182	-0.03052	19.876
0.1294	-0.03036	19.8762
0.1456	-0.0356	19.8741
0.1614	-0.0386	19.8769
0.1763	-0.04122	19.8754
0.1905	-0.04378	19.8775
0.2035	-0.0459	19.8768
0.2116	-0.04556	19.8773
0.2228	-0.04904	19.8782
0.2326	-0.05044	19.8787
0.2413	-0.05174	19.8783
0.2462	-0.0512	19.8785
0.2523	-0.0529	19.8809
0.2556	-0.05244	19.8814
0.2593	-0.05334	19.879
0.2614	-0.05312	19.883
0.262	-0.05264	19.8795
0.261	-0.0518	19.8841
0.2586	-0.05076	19.8806
0.2561	-0.05022	19.8809
0.2512	-0.04828	19.8856
0.2449	-0.04646	19.8818
0.2399	-0.04598	19.8822
0.2314	-0.04288	19.8872
0.2217	-0.04046	19.8833
0.2146	-0.04008	19.8834
0.203	-0.03596	19.8896
0.1948	-0.03568	19.8899
0.1819	-0.03122	19.8841
0.1681	-0.0281	19.8914
0.1537	-0.02498	19.8847
0.1388	-0.0218	19.893
0.1287	-0.0217	19.8933
0.1134	-0.01656	19.8864
0.0979	-0.01338	19.8936
0.0872	-0.01316	19.8938
-0.103	0.09668	19.8881
-0.1735	0.0629	19.8886
-0.0082	-0.06448	19.8831
-0.0916	0.05168	19.8826
-0.1782	0.07028	19.8789
-0.2354	0.06996	19.8803
-0.3176	0.0964	19.8721
-0.3959	0.1105	19.8726
-0.4693	0.12322	19.8705
-0.5373	0.13466	19.8672
-0.599	0.14448	19.8667
-0.6366	0.14236	19.8657
-0.6871	0.15762	19.8583
-0.7305	0.16346	19.8647
-0.7554	0.16104	19.8637
-0.7862	0.16956	19.8509
-0.8024	0.16696	19.8499
-0.82	0.17104	19.8621
-0.8296	0.16976	19.8466
-0.8326	0.16772	19.8619
-0.8606	0.18332	19.8612
-0.9234	0.2098	19.8466
-1.0189	0.24198	19.8598
-1.1049	0.25538	19.8402
-1.156	0.25164	19.8341
-1.2225	0.2711	19.8457
-1.2603	0.26718	19.844
-1.3065	0.27978	19.8145
-1.3304	0.27564	19.8106
-1.3555	0.28114	19.8367
-1.368	0.2786	19.8027
-1.3709	0.27534	19.8348
-1.3687	0.27286	19.8347
-1.355	0.26552	19.7998
-1.3288	0.25528	19.8324
-1.3046	0.25124	19.8332
-1.2587	0.23338	19.8017
-1.2013	0.2173	19.8354
-1.157	0.21368	19.8369
-1.0825	0.1867	19.811
-1.0273	0.18338	19.8122
-0.9373	0.15146	19.8452
-0.8727	0.1487	19.8471
-0.77	0.11292	19.8226
-0.6976	0.11056	19.8252
-0.5914	0.0758	19.8524
-0.5624	0.10088	19.8515
-0.5936	0.1312	19.839
-0.6475	0.15106	19.853
-0.6805	0.1493	19.8515
-0.724	0.1622	19.837
-0.7486	0.15956	19.8362
-0.7787	0.16778	19.845
-0.7943	0.1651	19.8455
-0.8109	0.16882	19.8293
-0.8175	0.16614	19.8284
-0.8206	0.16536	19.8457
-0.8183	0.16274	19.8454
-0.8082	0.1576	19.8311
-0.7972	0.15504	19.831
-0.7828	0.1508	19.8317
-0.755	0.13988	19.8434
-0.7552	0.15112	19.8433
-0.8168	0.188	19.838
-0.9436	0.23944	19.8435
-1.0685	0.26366	19.8314
-1.1456	0.25996	19.8219
-1.2507	0.29218	19.8259
-1.3139	0.28806	19.8235
-1.3973	0.31282	19.7894
-1.4673	0.32146	19.8012
-1.5061	0.31674	19.7977
-1.5382	0.32048	19.795
-1.5743	0.3293	19.7648
-1.5903	0.32446	19.7615
-1.6017	0.3249	19.7887
-1.5984	0.31836	19.7474
-1.5881	0.3135	19.74
-1.5605	0.30106	19.7956
-1.5193	0.28738	19.7311
-1.5216	0.30524	19.7315
-1.519	0.30276	19.7334
-1.575	0.3374	19.8024
-1.6557	0.36342	19.7334
-1.7227	0.37134	19.7921
-1.7583	0.3659	19.7878
-1.7977	0.3753	19.7069
-1.8147	0.36974	19.7028
-1.8242	0.36864	19.6986
-1.8246	0.36508	19.7788
-1.8087	0.35538	19.6892
-1.789	0.34992	19.6892
-1.7463	0.33218	19.7825
-1.6882	0.3144	19.6973
-1.6412	0.30944	19.7018
-1.5591	0.27898	19.7922
-1.4636	0.25452	19.7185
-1.3554	0.2278	19.7958
-1.2361	0.1995	19.7379
-1.1509	0.1961	19.7483
-1.0158	0.14912	19.8051
-0.8724	0.11712	19.7696
-0.7751	0.1161	19.7757
-0.6508	0.08044	19.8156
-0.584	0.09008	19.8162
-0.4943	0.06298	19.7899
-0.4003	0.04246	19.8185
-0.3027	0.0215	19.7962
-0.2362	0.02064	19.7981
-0.1351	-0.01342	19.8208
-0.0326	-0.03448	19.8028
0.036	-0.03464	19.8035
0.1382	-0.06852	19.8184
0.2395	-0.08842	19.8072
0.3389	-0.10754	19.8159
0.4352	-0.12556	19.8078
0.4973	-0.1243	19.8075
0.5865	-0.15298	19.8061
0.671	-0.168	19.8073
0.7243	-0.16618	19.8059
0.7987	-0.1895	19.797
0.8609	-0.19706	19.8039
0.8766	-0.1816	19.8023
0.8709	-0.1719	19.7883
0.8567	-0.16566	19.8021
0.8435	-0.16342	19.803
0.8187	-0.15382	19.7898
0.7876	-0.14508	19.806
0.7508	-0.13544	19.7914
0.7231	-0.13354	19.7927
0.6775	-0.11726	19.8117
0.6443	-0.11558	19.8128
0.5911	-0.09694	19.7974
0.5337	-0.08378	19.8166
0.4728	-0.0702	19.8007
0.4306	-0.06924	19.8024
0.3654	-0.047	19.8197
0.2982	-0.03276	19.8065
0.2525	-0.03222	19.8074
0.1835	-0.0091	19.8213
0.1441	-0.01306	19.8216
0.0507	0.02722	19.8114
-0.0552	0.0534	19.8219
-0.1201	0.04998	19.8211
-0.2148	0.08084	19.8125
-0.3065	0.09798	19.8166
-0.3654	0.09664	19.8148
-0.4494	0.12348	19.8104
-0.5286	0.1374	19.809
-0.5781	0.13542	19.8068
-0.6466	0.15672	19.8072
-0.7086	0.16652	19.8002
-0.7459	0.1641	19.7977
-0.7951	0.1787	19.8046
-0.8236	0.17612	19.8046
-0.8593	0.18614	19.7889
-0.8865	0.18818	19.8034
-0.9052	0.18852	19.785
-0.9127	0.18554	19.7838
-0.9166	0.18488	19.8032
-0.9118	0.18044	19.7823
-0.9038	0.17756	19.7821
-0.8847	0.1693	19.8055
-0.8574	0.16056	19.7834
-0.8346	0.1578	19.7842
-0.7942	0.14268	19.8097
-0.7464	0.13016	19.7877
-0.7106	0.1278	19.7891
-0.6517	0.10678	19.8148
-0.609	0.10472	19.816
-0.5407	0.08082	19.7961
-0.4671	0.06398	19.82
-0.3893	0.04674	19.801
-0.3355	0.04558	19.8028
-0.2524	0.01724	19.8238
-0.1956	0.0164	19.8245
-0.1093	-0.01266	19.8088
-0.023	-0.02992	19.8257
0.0374	-0.03164	19.8259
0.1198	-0.05692	19.8129
0.2024	-0.07352	19.8246
0.2566	-0.073	19.824
0.3356	-0.09872	19.8149
0.4123	-0.11314	19.8212
0.4616	-0.11204	19.82
0.5319	-0.1345	19.8116
0.598	-0.14604	19.8141
0.6393	-0.14438	19.8129
0.6964	-0.16212	19.8116
0.7479	-0.17018	19.8089
0.7788	-0.16812	19.8071
0.8194	-0.18012	19.8094
0.8534	-0.18428	19.8014
0.8803	-0.18682	19.8101
0.8942	-0.1844	19.8098
0.9089	-0.18766	19.7965
0.9162	-0.18616	19.8105
0.9171	-0.18378	19.811
0.9125	-0.18066	19.7958
0.9054	-0.17824	19.796
0.8888	-0.17112	19.8146
0.8654	-0.16372	19.798
0.8461	-0.1615	19.7992
0.8119	-0.1487	19.8207
0.7717	-0.13826	19.8034
0.7256	-0.12668	19.8257
0.6921	-0.12502	19.8289
0.638	-0.10596	19.8104
0.5795	-0.0925	19.83
0.5173	-0.07858	19.8153
0.474	-0.07748	19.8172
0.4071	-0.05466	19.8355
0.3664	-0.057	19.8352
0.3289	-0.05078	19.8232
0.2816	-0.0374	19.824
0.2287	-0.02458	19.8375
0.1992	-0.02804	19.838
0.1569	-0.01446	19.8276
0.1141	-0.0057	19.8383
0.0714	0.0028	19.8302
0.0432	0.00264	19.8309
-0.0257	0.0327	19.8386
-0.0658	0.0292	19.8339
-0.1041	0.03614	19.8378
-0.1401	0.04242	19.8353
-0.174	0.04836	19.8376
-0.1952	0.04752	19.8375
-0.2245	0.05662	19.837
-0.2511	0.06086	19.8372
-0.2671	0.05982	19.8371
-0.2882	0.06608	19.8389
-0.3061	0.06838	19.8367
-0.316	0.06716	19.8367
-0.3277	0.07022	19.8409
-0.3359	0.07046	19.8366
-0.3393	0.06922	19.8365
-0.3411	0.06894	19.8435
-0.3393	0.06714	19.8366
-0.3336	0.06444	19.8455
-0.3244	0.0612	19.8372
-0.3116	0.0572	19.8478
-0.3012	0.05608	19.8487
-0.283	0.04932	19.8392
-0.2615	0.0437	19.8503
-0.2456	0.04276	19.851
-0.2195	0.03346	19.8419
-0.1908	0.02668	19.8528
-0.16	0.01968	19.8439
-0.1271	0.01226	19.8545
-0.0927	0.00478	19.8463
-0.0569	-0.00294	19.8559
-0.0325	-0.00326	19.8564
0.0046	-0.01576	19.849
0.0424	-0.0236	19.8581
0.0676	-0.0236	19.8584
0.1052	-0.03608	19.8509
0.1426	-0.04348	19.8594
0.1792	-0.05048	19.8521
0.2148	-0.0572	19.86
0.249	-0.06348	19.8536
0.2708	-0.06288	19.8542
0.302	-0.07288	19.8591
0.3311	-0.07786	19.8557
0.3493	-0.07714	19.8559
0.3744	-0.08492	19.8587
0.3969	-0.08838	19.8574
0.4238	-0.09552	19.8584
0.4725	-0.11398	19.856
0.5171	-0.12126	19.8566
0.5587	-0.12838	19.8546
0.6487	-0.16574	19.8545
0.734	-0.18092	19.8532
0.7874	-0.17884	19.8503
0.8612	-0.20176	19.849
0.9278	-0.2122	19.8419
0.9678	-0.20956	19.8384
1.0204	-0.22512	19.8431
1.0647	-0.23066	19.8296
1.0999	-0.23406	19.8409
1.1183	-0.23102	19.8402
1.1381	-0.23554	19.8207
1.1461	-0.23242	19.8197
1.1503	-0.23174	19.8403
1.1453	-0.22706	19.818
1.1309	-0.22042	19.843
1.1164	-0.21748	19.8445
1.0874	-0.20588	19.8192
1.0497	-0.19486	19.8448
1.004	-0.18252	19.8254
0.9692	-0.17992	19.8276
0.9111	-0.15898	19.8537
0.8462	-0.14328	19.8351
0.7892	-0.13504	19.8587
0.7624	-0.14176	19.8409
0.7631	-0.1529	19.8423
0.7807	-0.16318	19.8628
0.7977	-0.16634	19.8447
0.8056	-0.16428	19.8448
0.8121	-0.16502	19.864
0.8124	-0.1626	19.8429
0.8062	-0.15876	19.8649
0.7939	-0.15386	19.8435
0.7823	-0.15182	19.845
0.7599	-0.14302	19.8652
0.7318	-0.13512	19.8467
0.6982	-0.1262	19.8664
0.673	-0.12452	19.8668
0.6314	-0.10964	19.8524
0.585	-0.09844	19.8683
0.5519	-0.09714	19.8698
0.4994	-0.07888	19.8554
0.4434	-0.06628	19.872
0.4045	-0.06534	19.8727
0.3445	-0.0449	19.8597
0.3034	-0.04424	19.8606
0.2407	-0.02306	19.8738
0.177	-0.00992	19.8653
0.1128	0.00312	19.8714
0.0489	0.01578	19.868
0.0068	0.01548	19.8689
-0.0551	0.03578	19.8679
-0.1155	0.04726	19.8723
-0.1738	0.05808	19.8649
-0.2112	0.0572	19.8645
-0.2643	0.0741	19.8724
-0.298	0.07308	19.8725
-0.3077	0.06542	19.8612
-0.2152	0.00604	19.8728
-0.0982	-0.02716	19.8734
0.1131	-0.10714	19.8617
0.3331	-0.15462	19.8733
0.5495	-0.19646	19.8544
0.6904	-0.19444	19.8487
0.895	-0.26084	19.8386
1.027	-0.2582	19.8335
1.2163	-0.31898	19.8195
1.3954	-0.35072	19.8078
1.5081	-0.3467	19.795
1.6649	-0.3957	19.7898
1.8076	-0.4186	19.7583
1.9344	-0.4376	19.7673
2.0093	-0.43182	19.7596
2.1067	-0.4603	19.7054
2.2086	-0.48248	19.6911
2.2473	-0.46494	19.6806
2.2771	-0.46734	19.6667
2.3056	-0.47252	19.7226
2.3138	-0.46604	19.7253
2.305	-0.45748	19.7268
2.276	-0.4436	19.6336
2.2463	-0.43738	19.6316
2.1867	-0.4135	19.7306
2.1373	-0.4077	19.7334
2.0498	-0.37496	19.6408
1.9824	-0.36952	19.6441
1.8691	-0.3285	19.7493
1.7417	-0.29738	19.6616
1.6517	-0.29434	19.6686
1.5562	-0.27304	19.6769
1.4029	-0.21926	19.7641
1.2389	-0.18218	19.6998
1.1246	-0.1792	19.7096
0.9477	-0.11878	19.7673
0.7646	-0.07968	19.7303
0.6401	-0.07822	19.7356
0.4515	-0.01486	19.7642
0.2609	0.02406	19.749
0.1336	0.0242	19.7494
-0.0377	0.07606	19.7548
-0.1443	0.0715	19.7493
-0.1529	0.03402	19.7469
-0.0988	-0.00188	19.7452
-0.0319	-0.02038	19.7455
0.0704	-0.055	19.7486
0.1383	-0.05482	19.7487
0.2385	-0.08778	19.7496
0.3042	-0.08712	19.7504
0.4002	-0.11844	19.7476
0.4928	-0.1356	19.7477
0.5814	-0.15172	19.7442
0.6376	-0.15	19.7427
0.7169	-0.1751	19.7431
0.7906	-0.1876	19.7395
0.8576	-0.19832	19.7411
0.8983	-0.19594	19.741
0.9529	-0.21242	19.7287
0.9997	-0.21866	19.7407
1.0384	-0.22316	19.7246
1.0684	-0.22568	19.7395
1.0835	-0.22274	19.7394
1.0989	-0.22594	19.7194
1.1054	-0.22368	19.7405
1.1048	-0.22072	19.741
1.0967	-0.2161	19.7187
1.0799	-0.20926	19.7409
1.064	-0.20644	19.7423
1.0334	-0.19444	19.7242
1.0086	-0.1918	19.7255
0.965	-0.17556	19.7466
0.9142	-0.16252	19.7315
0.8564	-0.14816	19.7494
0.8145	-0.14614	19.7514
0.7702	-0.13632	19.7536
0.6993	-0.1115	19.741
0.6233	-0.09426	19.7583
0.5703	-0.09286	19.7599
0.4883	-0.06486	19.7493
0.4031	-0.04654	19.7628
0.345	-0.04576	19.7639
0.2572	-0.01632	19.756
0.1715	-2e-05	19.7651
0.1304	-0.00964	19.7654
0.1349	-0.02878	19.7647
0.0822	0.00464	19.762
0.112	-0.03432	19.766
0.1435	-0.0413	19.7667
0.1644	-0.04124	19.7677
0.1946	-0.051	19.7663
0.2237	-0.05638	19.7696
0.2424	-0.05596	19.7707
0.2602	-0.05916	19.7715
0.2855	-0.06722	19.7678
0.3091	-0.07126	19.7728
0.3236	-0.07052	19.7727
0.3434	-0.0766	19.7724
0.3611	-0.0793	19.7737
0.3714	-0.0784	19.7742
0.3847	-0.08226	19.7754
0.3954	-0.08336	19.7753
0.401	-0.08244	19.7758
0.407	-0.0838	19.7787
0.4104	-0.08344	19.7772
0.411	-0.08244	19.7778
0.4095	-0.0813	19.782
0.407	-0.0804	19.7829
0.401	-0.0778	19.7803
0.3955	-0.0769	19.781
0.387	-0.074	19.7839
0.4377	-0.10782	19.7853
0.4584	-0.09996	19.7862
0.542	-0.14184	19.7857
0.6385	-0.1663	19.7867
0.7006	-0.16496	19.7842
0.7878	-0.19244	19.7779
0.8422	-0.1902	19.7792
0.9175	-0.21362	19.7704
0.9633	-0.21098	19.7683
1.0249	-0.22962	19.7752
1.078	-0.23684	19.761
1.1084	-0.23384	19.7585
1.1459	-0.24418	19.7718
1.1739	-0.24598	19.7527
1.192	-0.24564	19.772
1.1987	-0.24242	19.7724
1.2006	-0.24088	19.7486
1.1926	-0.23532	19.7752
1.1821	-0.23222	19.7766
1.1585	-0.22226	19.7517
1.1258	-0.21208	19.7783
1.0847	-0.2005	19.7548
1.0352	-0.18724	19.7844
0.9979	-0.18466	19.7849
0.9364	-0.16268	19.7644
0.8678	-0.14612	19.7897
0.8187	-0.1441	19.7909
0.7406	-0.11688	19.774
0.6857	-0.11518	19.7764
0.5997	-0.08554	19.7943
0.5098	-0.066	19.7818
0.4482	-0.065	19.7831
0.354	-0.03312	19.7986
0.2581	-0.01326	19.7882
0.1612	0.00652	19.7995
0.0647	0.02566	19.7915
-0.031	0.04448	19.798
-0.0938	0.04388	19.7971
-0.1855	0.07378	19.7932
-0.2698	0.08768	19.794
-0.3173	0.08246	19.7935
-0.3281	0.06994	19.7932
-0.306	0.05236	19.7885
-0.2741	0.04206	19.7888
-0.2193	0.02194	19.7957
-0.1622	0.0096	19.7922
-0.1032	-0.00296	19.7979
-0.0634	-0.00324	19.7985
-0.0033	-0.02338	19.7946
0.0574	-0.03576	19.8018
0.1179	-0.04778	19.797
0.1579	-0.04758	19.7974
0.2167	-0.06686	19.8031
0.274	-0.07772	19.798
0.3112	-0.07712	19.7982
0.3648	-0.0944	19.8021
0.399	-0.09348	19.8016
0.4476	-0.10896	19.8011
0.493	-0.11676	19.8005
0.5211	-0.11546	19.8
0.5716	-0.13452	19.7984
0.594	-0.12776	19.7982
0.6233	-0.13638	19.8031
0.6402	-0.1348	19.8039
0.6614	-0.14076	19.796
0.6774	-0.14188	19.8052
0.6883	-0.14202	19.7957
0.6926	-0.14024	19.7956
0.6945	-0.13966	19.8073
0.6912	-0.13692	19.796
0.6825	-0.13302	19.8095
0.6689	-0.12834	19.7972
0.657	-0.12664	19.7978
0.6351	-0.11826	19.8126
0.6087	-0.11118	19.8022
0.5778	-0.1032	19.8133
0.5549	-0.10182	19.814
0.5177	-0.08866	19.807
0.4769	-0.07906	19.8151
0.4479	-0.07798	19.8155
0.4023	-0.06222	19.8128
0.3704	-0.06132	19.8133
0.321	-0.04444	19.8189
0.2785	-0.0387	19.816
0.2611	-0.04526	19.8205
0.2727	-0.05918	19.8191
0.2952	-0.06804	19.8199
0.3496	-0.09168	19.8227
0.3869	-0.0923	19.8233
0.44	-0.10924	19.8189
0.4736	-0.10816	19.8184
0.5053	-0.11374	19.8176
0.5495	-0.12758	19.8243
0.5767	-0.12622	19.8245
0.6018	-0.1304	19.8243
0.6355	-0.14058	19.8142
0.6552	-0.13892	19.8138
0.6726	-0.14148	19.813
0.6942	-0.14748	19.8259
0.7107	-0.14874	19.8119
0.7185	-0.14682	19.8115
0.7255	-0.1479	19.8273
0.727	-0.146	19.8274
0.7247	-0.14402	19.8133
0.7201	-0.14218	19.8133
0.7086	-0.13712	19.8278
0.698	-0.13536	19.8281
0.6851	-0.13186	19.8284
0.6616	-0.12292	19.8179
0.6331	-0.11522	19.8294
0.6001	-0.10682	19.8199
0.5757	-0.10538	19.8206
0.5497	-0.09954	19.8216
0.5074	-0.08456	19.8347
0.4617	-0.07406	19.8245
0.4295	-0.07302	19.8256
0.3792	-0.05572	19.8375
0.3444	-0.05496	19.8382
0.2909	-0.03678	19.83
0.2544	-0.03628	19.831
0.1988	-0.01752	19.8399
0.1614	-0.01732	19.8402
0.1239	-0.00978	19.8404
0.0679	0.00882	19.8353
0.0306	0.0088	19.8359
-0.0243	0.02682	19.8401
-0.0602	0.0264	19.84
-0.0953	0.0331	19.8396
-0.1441	0.04834	19.8387
-0.1857	0.05378	19.8391
-0.162	0.02292	19.8379
-0.1325	0.0147	19.8401
-0.111	0.0136	19.841
-0.078	0.0024	19.8368
-0.0552	0.00192	19.8379
-0.0204	-0.00984	19.845
0.015	-0.01716	19.8389
0.0389	-0.01734	19.8388
0.0748	-0.02932	19.8485
0.1105	-0.03638	19.8395
0.1341	-0.03626	19.8406
0.1574	-0.0408	19.8417
0.1916	-0.052	19.8486
0.2139	-0.0517	19.8488
0.246	-0.06204	19.8442
0.2766	-0.06756	19.8491
0.2961	-0.06702	19.8491
0.3233	-0.07554	19.8463
0.3403	-0.07486	19.8468
0.3562	-0.0776	19.8472
0.378	-0.08432	19.8487
0.3911	-0.08346	19.8488
0.4029	-0.0853	19.8487
0.4206	-0.0912	19.8496
0.4594	-0.1074	19.8488
0.4997	-0.11606	19.8488
0.5681	-0.14098	19.8511
0.6114	-0.1396	19.8511
0.6523	-0.14682	19.8501
0.7091	-0.16454	19.8423
0.7602	-0.17248	19.8493
0.7908	-0.1704	19.8487
0.831	-0.18228	19.8356
0.8645	-0.1863	19.8475
0.8829	-0.18394	19.8431
0.9043	-0.18942	19.8323
0.9145	-0.18698	19.8311
0.9234	-0.18824	19.8428
0.9253	-0.18582	19.8427
0.9219	-0.18302	19.8316
0.9154	-0.18048	19.8319
0.8997	-0.17366	19.8437
0.8853	-0.1713	19.8449
0.8678	-0.16656	19.8463
0.8359	-0.15442	19.8323
0.8117	-0.15266	19.833
0.7914	-0.15016	19.8342
0.7719	-0.14658	19.8537
0.755	-0.14424	19.8365
0.7405	-0.1423	19.8382
0.7144	-0.13244	19.8559
0.694	-0.13064	19.8572
0.6594	-0.11804	19.8422
0.62	-0.10824	19.8597
0.5913	-0.10678	19.8608
0.5452	-0.0906	19.846
0.4953	-0.0791	19.863
0.4602	-0.078	19.8639
0.4054	-0.05916	19.85
0.3481	-0.0467	19.8655
0.2888	-0.03404	19.8528
0.2486	-0.03364	19.8537
0.2081	-0.02542	19.8546
0.1262	0.00752	19.8563
0.0853	-0.0007	19.8568
0.0676	-0.00644	19.8649
0.0312	0.00832	19.8635
0.0169	0.00234	19.8607
0.0096	0.001	19.8612
-0.0007	0.00426	19.8637
-0.0071	0.00398	19.8635
-0.0131	0.00502	19.8634
-0.0213	0.00754	19.8658
-0.0287	0.0087	19.864
-0.033	0.00832	19.8646
-0.0385	0.0099	19.867
-0.0416	0.00956	19.8675
-0.0442	0.00988	19.868
-0.0471	0.01058	19.8662
-0.0487	0.01038	19.8695
-0.0492	0.01004	19.8672
-0.0489	0.00966	19.8675
-0.0473	0.00882	19.8713
-0.0456	0.00844	19.8718
-0.0423	0.00714	19.869
-0.0394	0.00672	19.8694
-0.0341	0.0047	19.8735
-0.03	0.00436	19.874
-0.0255	0.0033	19.8744
