Kp:	0.3	Ki:	0.0075	Kd:	0.6
cte	steer_value
0.76	-3.4485	0
0.76	1.65187	0
0.7587	0.00310004	0.2829
0.7621	-0.159484	0.6446
0.7625	-0.14963	0.8256
0.761	-0.151068	1.1853
0.7599	-0.160535	1.4377
0.7581	-0.159469	1.6628
0.7557	-0.160861	1.9958
0.7528	-0.162522	2.3036
0.7507	-0.169734	2.472
0.747	-0.163103	2.7543
0.7427	-0.166119	3.0603
0.7379	-0.167536	3.349
0.7324	-0.167537	3.6379
0.7262	-0.167826	3.9201
0.7194	-0.168448	4.2029
0.7143	-0.179133	4.3888
0.7061	-0.162877	4.6669
0.7	-0.180512	4.8512
0.6903	-0.161244	5.127
0.6794	-0.164703	5.4005
0.6716	-0.182752	5.5825
0.6592	-0.15586	5.8538
0.6453	-0.159476	6.1228
0.6304	-0.159109	6.3912
0.6199	-0.181328	6.5689
0.6031	-0.142872	6.8342
0.591	-0.177339	7.0094
0.5719	-0.135515	7.2724
0.551	-0.141609	7.5323
0.529	-0.140257	7.7922
0.5137	-0.171511	7.9643
0.4899	-0.116341	8.221
0.4674	-0.138387	8.4747
0.4557	-0.183327	8.6444
0.4372	-0.126254	8.8968
0.4196	-0.142444	9.0624
0.3937	-0.10202	9.3129
0.3703	-0.129478	9.5611
0.3557	-0.162025	9.7261
0.3338	-0.106263	9.9717
0.3097	-0.108906	10.2143
0.2844	-0.106515	10.4576
0.2579	-0.10069	10.6992
0.2301	-0.0938278	10.9391
0.2107	-0.130843	11.0982
0.1804	-0.0588624	11.3727
0.1588	-0.117441	11.6477
0.1267	-0.0476638	11.6629
0.1042	-0.108917	11.8315
0.0699	-0.0306627	12.1497
0.046	-0.0978111	12.1733
0.0221	-0.0709579	12.3388
-0.0158	-0.0011176	12.4928
-0.0422	-0.0790163	12.7481
-0.0679	-0.052483	12.7512
-0.1083	0.0230397	13.3398
-0.1359	-0.0614421	13.423
-0.176	0.0285206	13.412
-0.2032	-0.0490551	13.6046
-0.23	-0.0166252	13.5761
-0.2718	0.0606761	14.1894
-0.3002	-0.0263915	14.3603
-0.3273	0.00308202	14.4767
-0.3685	0.0788966	14.4094
-0.3963	-0.00561312	14.4179
-0.4354	0.0814685	15.0461
-0.4611	0.00537491	15.1724
-0.4858	0.0371913	15.3759
-0.5225	0.102977	15.2241
-0.559	0.0830027	15.7572
-0.592	0.074346	15.5899
-0.6122	0.0329111	15.6466
-0.6314	0.0654941	15.8745
-0.6599	0.118629	16.4202
-0.678	0.0577267	16.6141
-0.6942	0.0779476	16.6981
-0.7165	0.117691	16.4733
-0.73	0.0707764	16.7208
-0.7416	0.0871591	16.7545
-0.7568	0.114601	17.4145
-0.7653	0.0819118	17.5043
-0.7717	0.0920785	17.6726
-0.7786	0.104681	17.5038
-0.7813	0.0891851	17.5796
-0.7816	0.0916291	18.1833
-0.7796	0.0906757	18.2909
-0.7734	0.0801399	18.1268
-0.767	0.0913872	18.2845
-0.7544	0.0662419	18.8003
-0.7437	0.0900812	18.9301
-0.725	0.0512468	18.8045
-0.7102	0.0867719	18.929
-0.694	0.0725612	19.062
-0.666	0.0212176	19.5415
-0.6341	0.0288445	19.4431
-0.5882	-0.0268346	19.6955
-0.5639	0.0987329	19.8206
-0.5276	-0.00657804	20.2668
-0.4992	0.048776	20.3814
-0.4494	-0.0685646	20.3096
-0.4109	0.0242064	20.432
-0.3484	-0.113198	20.8477
-0.2793	-0.0987835	20.792
-0.2337	0.0158684	20.9064
-0.1898	-0.0382199	21.025
-0.1224	-0.16096	21.4142
-0.0546	-0.120209	21.3822
-0.0121	-0.0126661	21.4912
0.0471	-0.155952	21.8525
0.086	-0.0406348	21.9626
0.1397	-0.160745	21.9544
0.174	-0.0521415	22.0724
0.2201	-0.156235	22.3855
0.2488	-0.0625111	22.4927
0.2866	-0.149402	22.5326
0.3096	-0.0721946	22.6504
0.3389	-0.139863	22.9048
0.3638	-0.114587	22.9957
0.3774	-0.0788421	23.1077
0.393	-0.119453	23.3192
0.4043	-0.101912	23.4433
0.4089	-0.0851582	23.5522
0.4114	-0.0947227	23.7366
0.4094	-0.0826649	23.8777
0.4054	-0.0859199	23.9846
0.3956	-0.0660135	24.1527
0.3866	-0.0834572	24.2561
0.376	-0.0752034	24.3595
0.3563	-0.0370313	24.5102
0.3409	-0.0759783	24.6136
0.3157	-0.0214673	24.7691
0.287	-0.0244846	24.9199
0.2666	-0.0678894	25.0209
0.2456	-0.0434591	25.1217
0.2115	0.0191864	25.2717
0.1871	-0.0501315	25.3714
0.1512	0.0264196	25.5179
0.114	0.0130379	25.6649
0.0893	-0.0421962	25.7614
0.0533	0.0426215	25.9072
0.0309	-0.0367909	26.0037
0.0296	-0.0981777	26.146
0.0089	0.0424261	26.2414
-0.0102	-0.00255438	26.3789
-0.0133	-0.0711056	26.5171
-0.0143	-0.0420785	26.6115
-0.0178	-0.0224061	26.7499
-0.0235	-0.0169459	26.8897
-0.0278	-0.0277649	26.9827
-0.0346	-0.0126456	27.1214
-0.0394	-0.0259807	27.2134
-0.0467	-0.00930566	27.3507
-0.0518	-0.0232912	27.4417
-0.0594	-0.00602948	27.5775
-0.0673	-0.00852687	27.7125
-0.075	-0.00884098	27.8466
-0.0799	-0.0194196	27.9356
-0.0846	-0.012433	28.0242
-0.0916	0.000236314	28.1564
-0.0984	-0.00435614	28.2879
-0.1045	-0.00583431	28.4184
-0.1081	-0.0139637	28.505
-0.1112	-0.00908537	28.5912
-0.1155	-0.000951726	28.72
-0.1181	-0.0101164	28.8054
-0.1202	-0.00764351	28.8903
-0.1227	-0.00348152	29.0172
-0.124	-0.00881435	29.1014
-0.1248	-0.00759667	29.1851
-0.1252	-0.00737964	29.3102
-0.1248	-0.0094009	29.4345
-0.124	-0.00884259	29.5169
-0.1139	-0.049619	29.6399
-0.087	-0.105235	29.7621
-0.0472	-0.126973	29.8826
-0.0214	-0.0368958	29.9591
0.0115	-0.104309	30.0723
0.0311	-0.0359529	30.1519
0.0483	-0.0592304	30.2294
0.0714	-0.097631	30.348
0.085	-0.0458944	30.4266
0.1005	-0.0788282	30.5417
0.1081	-0.04357	30.6197
0.1135	-0.0539215	30.6967
0.1184	-0.0598333	30.8126
0.1195	-0.0457044	30.8894
0.1157	-0.0332685	31.0417
0.1112	-0.0421546	31.1175
0.1018	-0.0221519	31.2307
0.0893	-0.0184979	31.3431
0.0744	-0.0138716	31.4548
0.0636	-0.0362804	31.5289
0.0463	0.00421816	31.6393
0.0339	-0.0295298	31.7125
0.015	0.0126002	31.8214
-0.0046	0.00478427	31.9299
-0.0175	-0.024716	32.0015
-0.0362	0.0197553	32.1087
-0.0548	0.0105499	32.2155
-0.0721	0.00761541	32.3209
-0.0815	-0.0216506	32.3911
-0.0851	-0.0269184	32.4961
-0.0632	-0.126331	32.6005
-0.0447	-0.053205	32.6696
-0.0211	-0.082695	32.7627
-0.0081	-0.0271847	32.8308
0.0077	-0.0664639	32.9315
0.0204	-0.0507875	33.0332
0.0268	-0.031656	33.1002
0.0334	-0.0493717	33.201
0.0369	-0.037486	33.3012
0.0375	-0.0325381	33.3675
0.0358	-0.0298313	33.4666
0.0332	-0.0316174	33.5324
0.0272	-0.0184474	33.6305
0.0157	-0.000716196	33.7604
0.0049	-0.0154616	33.857
-0.0027	-0.0274094	33.9209
-0.0145	0.000726948	34.0165
-0.023	-0.0212634	34.0799
-0.0357	0.00654868	34.1743
-0.0486	0.000643609	34.2683
-0.0569	-0.0188311	34.3304
-0.0722	0.0255161	34.4542
-0.0892	0.0207268	34.607
-0.0959	-0.0277489	34.6974
-0.0984	-0.021218	34.7577
-0.1004	-0.0107306	34.8178
-0.0984	-0.0259615	34.9077
-0.0868	-0.0598849	34.9674
-0.0216	-0.281457	35.0565
0.0499	-0.19354	35.1436
0.0906	-0.042102	35.1605
0.1387	-0.15461	35.231
0.1654	-0.0554844	35.2887
0.187	-0.0877606	35.3427
0.2122	-0.125068	35.4299
0.2241	-0.0631188	35.4874
0.231	-0.07444	35.5426
0.2338	-0.0723926	35.6287
0.2308	-0.0583733	35.6856
0.2191	-0.033818	35.7704
0.2067	-0.0510347	35.8268
0.1915	-0.0401891	35.883
0.1632	0.0145172	35.9666
0.141	-0.0399671	36.0221
0.1175	-0.0185163	36.0761
0.0789	0.0519313	36.1581
0.0511	-0.0259417	36.2127
0.0236	0.000425565	36.2639
-0.0187	0.0752989	36.3445
-0.0475	-0.0126605	36.3982
-0.0871	0.0711162	36.4721
-0.1167	0.0104297	36.5514
-0.1227	-0.0688028	36.6013
-0.1205	-0.0467396	36.6801
-0.1182	-0.0230113	36.7546
-0.1176	-0.0130735	36.8059
-0.1169	-0.0170436	36.8835
-0.1163	-0.0163635	36.935
-0.1152	-0.0185537	37.012
-0.1144	-0.015806	37.063
-0.1134	-0.0170517	37.1138
-0.1113	-0.0213851	37.2148
-0.1101	-0.0146448	37.265
-0.1089	-0.0163749	37.315
-0.107	-0.0195285	37.3896
-0.1049	-0.0187521	37.4637
-0.1035	-0.014974	37.5128
-0.1021	-0.0164601	37.5618
-0.0998	-0.0205597	37.6348
-0.0983	-0.0148734	37.6833
-0.0959	-0.0205945	37.7556
-0.0927	-0.0223323	37.8274
-0.0752	-0.085423	37.8751
0.0193	-0.403834	37.9462
0.0986	-0.167828	38.0132
0.1568	-0.108362	37.9603
0.1828	-0.0255993	37.9997
0.2092	-0.113538	38.0705
0.2205	-0.0564951	38.1162
0.2265	-0.0716446	38.1847
0.2237	-0.0492293	38.2314
0.2102	-0.0230943	38.3009
0.1864	-0.00172447	38.37
0.1661	-0.040387	38.4154
0.1311	0.0356617	38.4824
0.0903	0.0338503	38.5496
0.0615	-0.0297137	38.5922
0.0183	0.0679382	38.6566
-0.0112	-0.0179389	38.7003
-0.053	0.0733576	38.7612
-0.0933	0.0480382	38.8262
-0.118	-0.0133564	38.8663
-0.1502	0.062873	38.9294
-0.1788	0.0385189	38.9937
-0.1949	-0.00476404	39.0344
-0.2134	0.0401225	39.0974
-0.2269	0.018556	39.1609
-0.2328	-0.00092984	39.2023
-0.2365	0.0100303	39.265
-0.2398	0.0165714	39.3276
-0.1446	-0.427342	39.3897
-0.0192	-0.348619	39.4512
0.0576	-0.061256	39.39
0.1504	-0.256338	39.3636
0.2023	-0.0599497	39.4014
0.2618	-0.199541	39.4378
0.3034	-0.120396	39.4987
0.3253	-0.0816138	39.5487
0.3284	-0.0517569	39.5895
0.3122	-0.0146286	39.6722
0.2943	-0.0546887	39.7129
0.2585	0.0207356	39.7721
0.2122	0.0311821	39.8316
0.1592	0.0412137	39.8882
0.1366	-0.10542	39.9255
0.1377	-0.138677	39.9811
0.14	-0.082946	40.03
0.1353	-0.0442244	40.0597
0.1199	-0.0112094	40.1148
0.1051	-0.03809	40.153
0.0785	0.0171121	40.2098
0.0467	0.0174779	40.2663
0.012	0.0219093	40.3212
-0.0115	-0.0304101	40.3578
-0.0463	0.0512415	40.4124
-0.0818	0.0365881	40.4673
-0.1153	0.0309043	40.519
-0.143	0.0158356	40.5723
-0.1018	-0.276887	40.6259
-0.0242	-0.285221	40.6619
0.0782	-0.312772	40.6446
0.1583	-0.164487	40.6437
0.2096	-0.0969729	40.6481
0.229	-0.0348628	40.682
0.2414	-0.0891043	40.7378
0.2379	-0.0434859	40.7909
0.2269	-0.0492372	40.8265
0.1989	0.00813984	40.8801
0.1585	0.027017	40.9332
0.1264	-0.0363474	40.967
0.0742	0.0774584	41.0161
0.0362	-0.0235074	41.0501
-0.0207	0.0991864	41.0937
-0.0785	0.0718861	41.1437
-0.1155	-0.0167901	41.171
-0.1658	0.0998318	41.2174
-0.1972	-0.00320848	41.2503
-0.2374	0.0859391	41.293
-0.2707	0.0458313	41.3424
-0.2883	-0.00313366	41.3722
-0.3069	0.044237	41.4208
-0.3182	0.0165921	41.4699
-0.3203	-0.00445729	41.5017
-0.2815	-0.165232	41.5504
-0.1517	-0.485733	41.5988
-0.0206	-0.292219	41.6232
0.0549	-0.0434061	41.5409
0.1452	-0.255043	41.5367
0.1951	-0.0650954	41.5659
0.2497	-0.190319	41.5893
0.2836	-0.104291	41.6373
0.2956	-0.0611731	41.6758
0.2855	-0.020144	41.7247
0.3051	-0.210967	41.7733
0.4191	-0.578533	41.8201
0.49	-0.17735	41.8341
0.5599	-0.271422	41.6713
0.591	-0.119987	41.7073
0.5855	-0.0546828	41.7347
0.5468	0.000550006	41.7855
0.4825	0.0356847	41.8347
0.4288	-0.0696744	41.8641
0.3376	0.128647	41.9044
0.2691	-0.0454326	41.9338
0.1636	0.18109	41.9576
0.0533	0.138573	41.9994
-0.0519	0.118005	42.0132
0.0332	-0.714665	42.0457
0.1522	-0.433364	42.0849
0.2288	-0.146893	41.9559
0.3213	-0.325257	41.8089
0.3914	-0.212248	41.8426
0.4236	-0.105661	41.8336
0.4483	-0.173243	41.8673
0.4494	-0.0980105	41.9154
0.4262	-0.0476145	41.9564
0.4282	-0.221433	41.9882
0.4951	-0.463349	42.0349
0.5528	-0.278059	42.0572
0.5681	-0.107539	41.9655
0.5385	-0.00996785	41.9884
0.4991	-0.0764942	42.0219
0.4202	0.0757603	42.0635
0.355	-0.0691514	42.0944
0.2467	0.162048	42.1241
0.1246	0.144337	42.1662
-0.0009	0.141675	42.1779
-0.0816	-0.0490967	42.1942
-0.1951	0.220556	42.2246
-0.3057	0.160721	42.2609
-0.404	0.128329	42.2663
-0.4318	-0.142098	42.2862
-0.2368	-0.976808	42.3249
-0.0089	-0.620913	42.3351
0.1366	-0.168069	42.1953
0.3299	-0.598261	41.9511
0.4975	-0.421724	41.9757
0.6251	-0.326832	41.8195
0.7008	-0.217038	41.793
0.7238	-0.125982	41.8131
0.7221	-0.15654	41.8649
0.683	-0.0588308	41.9183
0.6579	-0.211737	41.968
0.6762	-0.380938	42.0168
0.6624	-0.136458	42.0481
0.6291	-0.115232	42.0222
0.5486	0.0512186	42.0674
0.4775	-0.0941577	42.0997
0.3554	0.161746	42.1325
0.2139	0.151992	42.1744
0.0952	0.0189341	42.182
0.1032	-0.484299	42.1951
0.2021	-0.594613	42.2368
0.2805	-0.281006	42.089
0.3096	-0.102122	41.9659
0.3213	-0.148974	41.9674
0.3035	-0.069527	42.0156
0.2588	-0.0192492	42.0607
0.1901	0.0274264	42.1081
0.1034	0.058924	42.1528
0.0385	-0.0716171	42.1798
-0.0644	0.160727	42.2169
-0.1767	0.137166	42.2571
-0.2522	-0.0370763	42.2662
-0.3592	0.205914	42.2923
-0.461	0.136422	42.3315
-0.4652	-0.278552	42.336
-0.3313	-0.670983	42.3677
-0.1901	-0.382369	42.3187
-0.1099	-0.0860866	42.1877
-0.0185	-0.292461	42.1145
0.0483	-0.183212	42.1566
0.0864	-0.122913	42.1649
0.0943	-0.0661	42.1919
0.0845	-0.0651146	42.2386
0.0523	-0.0101931	42.2847
0.0005	0.0276802	42.33
-0.0666	0.0558841	42.3728
-0.1171	-0.0468246	42.3992
-0.1599	-0.0357146	42.4361
-0.149	-0.249438	42.477
-0.1456	-0.0880349	42.5189
-0.1602	-0.0136409	42.5096
-0.1805	-0.0276043	42.5351
-0.2197	0.0456561	42.5769
-0.2679	0.048636	42.6189
-0.3029	-0.0261689	42.6435
-0.3447	0.0416855	42.6808
-0.2577	-0.547192	42.7213
-0.1578	-0.317488	42.76
-0.0781	-0.188788	42.592
-0.044	-0.040046	42.5664
-0.0156	-0.132038	42.5987
-0.0071	-0.0697448	42.6402
-0.0122	-0.058606	42.6664
-0.0352	-0.0125895	42.709
-0.0596	-0.0470796	42.7371
-0.1066	0.0533026	42.7777
-0.1445	-0.0327239	42.8049
-0.206	0.0992315	42.8393
-0.2735	0.0844707	42.8786
-0.341	0.0796791	42.9072
-0.3834	-0.0216056	42.9293
-0.4414	0.118002	42.9646
-0.4958	0.0823031	43.0024
-0.5113	-0.0760895	43.0309
-0.4415	-0.365676	43.0664
-0.3584	-0.228095	43.097
-0.2901	-0.126736	43.0147
-0.2443	-0.0676139	43.0217
-0.224	-0.0155416	43.0459
-0.2054	-0.0758165	43.0856
-0.1972	-0.0407573	43.1231
-0.1978	-0.0270433	43.1485
-0.2072	-0.00917809	43.1873
-0.2252	0.00969448	43.2256
-0.2411	-0.0177879	43.2507
-0.2676	0.0373911	43.2874
-0.2446	-0.206003	43.3248
-0.2018	-0.184143	43.348
-0.1462	-0.193285	43.3493
-0.1095	-0.08264	43.3665
-0.0944	-0.0330961	43.3869
-0.0981	-0.00489642	43.424
-0.116	0.0116142	43.461
-0.1443	0.0250055	43.4965
-0.1799	0.0363474	43.5311
-0.2061	-0.0184073	43.5538
-0.2468	0.0738032	43.5872
-0.2899	0.0607354	43.6223
-0.318	-0.00638967	43.642
-0.3562	0.0808163	43.6738
-0.3913	0.0543083	43.7085
-0.4202	0.0399429	43.7381
-0.4346	-0.00362766	43.7599
-0.4495	0.0385905	43.7939
-0.4555	0.00446761	43.8169
-0.4515	-0.01684	43.8503
-0.4001	-0.205567	43.8845
-0.3086	-0.281493	43.9182
-0.2472	-0.0568586	43.9151
-0.1707	-0.198854	43.8872
-0.1076	-0.12138	43.9181
-0.0608	-0.0882537	43.9344
-0.0322	-0.0553533	43.9658
-0.0199	-0.0331792	43.9996
-0.0219	-0.0129703	44.0334
-0.0359	0.00460245	44.0666
-0.0506	-0.0208977	44.0883
-0.0783	0.0368391	44.1198
-0.1003	-0.0145828	44.1412
-0.1356	0.0612751	44.1706
-0.1734	0.0492595	44.2023
-0.2103	0.0445975	44.2296
-0.2433	0.0361595	44.2589
-0.2624	-0.0103592	44.2789
-0.2862	0.0492704	44.3094
-0.3057	0.0270029	44.3404
-0.319	0.0132272	44.3694
-0.3249	-0.00116013	44.3998
-0.3251	-0.0058906	44.4202
-0.3204	-0.0118282	44.4508
-0.3105	-0.0222805	44.4812
-0.2959	-0.0309623	44.5113
-0.2842	-0.00724985	44.5312
-0.2601	-0.0705414	44.5607
-0.7457	2.26749	44.5646
0.3915	-6.20515	44.6233
0.2033	3.33432	44.288
0.3088	-0.794261	43.9223
0.4358	-0.450022	43.6909
0.6244	-0.666449	43.3936
0.784	-0.419983	43.244
0.8665	-0.159586	43.1174
0.9497	-0.368892	43.0679
0.9826	-0.173774	43.0955
0.9925	-0.199591	43.092
0.9584	-0.0698767	43.1347
0.8841	0.00597036	43.1738
0.8151	-0.111408	43.2013
0.6914	0.150882	43.2334
0.5427	0.156105	43.2696
0.3818	0.16796	43.2693
0.2212	0.161207	43.2783
0.0677	0.15663	43.2929
-0.0738	0.147809	43.315
-0.1993	0.132225	43.3412
-0.3059	0.111454	43.3706
-0.3918	0.0870473	43.4029
-0.4563	0.0607391	43.4374
-0.4997	0.0340162	43.4734
-0.5234	0.00924696	43.5099
-0.5291	-0.0148324	43.5462
-0.5193	-0.0352772	43.5819
-0.5058	-0.0114421	43.6051
-0.4776	-0.0667299	43.6386
-0.4409	-0.0730816	43.6727
-0.3992	-0.0780433	43.7043
-0.3559	-0.0780192	43.7358
-0.3275	-0.0124101	43.7568
-0.287	-0.106373	43.7885
-0.2476	-0.0822346	43.8207
-0.2124	-0.0702434	43.8493
-0.1842	-0.0543758	43.8807
-0.1693	-0.0161034	43.9022
-0.1525	-0.0598481	43.9348
-0.1406	-0.0384466	43.9668
-0.1343	-0.0262313	43.9986
-0.134	-0.0139029	44.0307
-0.1366	-0.0156711	44.052
-0.1435	-0.00328055	44.0837
-0.1499	-0.0145452	44.1047
-0.1611	0.00930983	44.1359
-0.1742	0.00932784	44.1671
-0.1832	-0.0115564	44.1875
-0.1962	0.0182578	44.2179
-0.2087	0.0104908	44.2486
-0.2162	-0.00856346	44.2685
-0.2255	0.0137213	44.2985
-0.2328	0.00397683	44.3288
-0.2374	-0.00154467	44.3583
-0.2386	-0.00844579	44.3782
-0.2378	-0.00779197	44.4078
-0.2358	-0.00705564	44.4275
-0.2305	-0.0182381	44.4569
-0.2227	-0.0216436	44.4861
-0.2127	-0.025694	44.5151
-0.2013	-0.0274046	44.5439
-0.1931	-0.0105149	44.563
-0.1805	-0.0385842	44.5914
-0.1672	-0.0336623	44.6196
-0.1539	-0.0331057	44.6475
-0.1456	-0.0121728	44.6661
-0.1341	-0.0395506	44.6938
-0.1232	-0.0319097	44.7214
-0.1136	-0.0285041	44.7487
-0.1082	-0.0139999	44.7669
-0.1016	-0.0302713	44.7941
-0.0961	-0.0241527	44.8212
-0.092	-0.0209278	44.848
-0.0896	-0.0171654	44.8748
-0.0885	-0.0157017	44.9014
-0.0884	-0.0144741	44.9279
-0.0892	-0.0127274	44.9542
-0.09	-0.0145889	44.9716
-0.0932	-0.00340173	44.9976
-0.1666	0.310391	45.0235
-0.3816	0.800824	45.049
0.7167	-5.46484	44.9754
0.0612	5.36207	44.7175
0.0772	-1.45996	44.554
0.2153	-0.747442	44.1962
0.3751	-0.479685	43.9127
0.4796	-0.176948	43.6931
0.6186	-0.479273	43.5104
0.7381	-0.348091	43.5264
0.8009	-0.156654	43.457
0.8624	-0.303286	43.4403
0.8911	-0.183778	43.4767
0.8828	-0.103544	43.4858
0.837	-0.0291968	43.5222
0.7595	0.0237146	43.5618
0.6938	-0.100891	43.5852
0.5808	0.144777	43.6138
0.4486	0.140986	43.6463
0.3549	-0.0647137	43.6475
0.214	0.252664	43.5928
0.1189	-0.0337553	43.5231
-0.0132	0.251662	43.6207
-0.1792	0.351289	43.5304
-0.2872	0.0336279	43.6711
-0.3643	0.0452825	43.6071
-0.401	-0.0381237	43.6204
-0.4399	0.082897	43.649
-0.4614	0.0162134	43.6814
-0.3952	-0.334436	43.7196
-0.3209	-0.171261	43.7451
-0.2161	-0.286105	43.6694
-0.1234	-0.175144	43.683
-0.0495	-0.129515	43.6708
0.0031	-0.0931207	43.6983
0.0363	-0.0693661	43.7331
0.0515	-0.0445402	43.769
0.0505	-0.0208781	43.8046
0.0354	0.000905659	43.8395
0.0088	0.0189817	43.8734
-0.0262	0.0318775	43.9063
-0.0527	-0.0222972	43.9276
-0.0948	0.0720245	43.9588
-0.1223	-0.0212826	43.9916
-0.0701	-0.345562	44.0188
0.0089	-0.285537	44.0507
0.0703	-0.141602	43.9756
0.0951	-0.0226681	43.9593
0.1134	-0.0878049	43.9876
0.1156	-0.041404	44.0198
0.1025	-0.0128211	44.0524
0.0753	0.0137596	44.0858
0.051	-0.0311281	44.1074
0.0083	0.0606607	44.1381
-0.0416	0.0581845	44.17
-0.0768	-0.0194514	44.1876
-0.1287	0.0964356	44.215
-0.181	0.0717977	44.246
-0.2141	-0.00864839	44.261
-0.2309	-0.0303642	44.2882
-0.1221	-0.553907	44.3189
-0.0054	-0.309158	44.3489
0.0928	-0.204028	44.1705
0.159	-0.118128	44.1324
0.1957	-0.0765539	44.1536
0.2059	-0.040377	44.1761
0.2627	-0.323553	44.21
0.4915	-1.01114	44.2426
0.6339	-0.248679	44.2178
0.806	-0.583396	43.9444
0.8942	-0.182179	43.9058
0.9742	-0.359165	43.7567
0.999	-0.162933	43.7915
0.9687	-0.0549922	43.7889
0.8873	0.0375822	43.8304
0.7665	0.0959379	43.8683
0.6906	-0.19183	43.8841
0.779	-0.827706	43.8973
0.8586	-0.410486	43.8988
0.9383	-0.417573	43.6423
0.9606	-0.174623	43.5645
0.9446	-0.144501	43.5133
0.8776	-0.0154174	43.5514
0.8442	-0.287519	43.592
1.0042	-1.09291	43.6161
1.2591	-1.09418	43.6119
1.4544	-0.614278	43.3288
1.5753	-0.438907	43.0026
1.6097	-0.261334	42.8826
1.5959	-0.275298	42.8813
1.513	-0.0973042	42.9333
1.3666	0.0264824	42.978
1.2389	-0.200276	43.014
1.1073	-0.132134	43.0421
1.1223	-0.78312	43.0582
1.1272	-0.397789	43.0968
1.0865	-0.191508	42.8504
1.0234	-0.193788	42.7958
0.8859	0.0901157	42.8354
0.7019	0.142742	42.8748
0.5616	-0.1481	42.8841
0.3514	0.286911	42.8871
0.3015	-0.559577	42.9058
0.2976	-0.393324	42.871
0.2461	-0.0387021	42.6171
0.1517	0.0635487	42.55
0.0232	0.125801	42.5888
-0.0729	-0.0865793	42.6058
-0.2233	0.247739	42.619
-0.3857	0.208803	42.6534
-0.5464	0.194979	42.6288
-0.6355	-0.0963736	42.6324
-0.5646	-0.633408	42.6517
-0.4465	-0.4662	42.6695
-0.3451	-0.267252	42.4702
-0.2963	-0.0743284	42.3702
-0.2495	-0.200262	42.3755
-0.2316	-0.0922544	42.4042
-0.2263	-0.107296	42.4381
-0.2362	-0.0740406	42.4679
-0.2694	-0.00445348	42.5117
-0.3228	0.0361766	42.5556
-0.3767	-0.00278974	42.5965
-0.4099	-0.0905366	42.6335
-0.4355	-0.0685969	42.6607
-0.4834	0.0610815	42.6973
-0.5429	0.0736581	42.7367
-0.6072	0.0771583	42.771
-0.6495	-0.0221018	42.7936
-0.7098	0.121014	42.8284
-0.7686	0.0899199	42.8673
-0.8206	0.0735473	42.8949
-0.8492	-0.00351149	42.918
0.8209	-7.646	42.9555
-0.6973	10.5265	42.9948
-0.5854	-3.79697	42.7541
-0.4686	-0.571088	42.4462
-0.3562	-0.291842	42.1433
-0.298	-0.0534438	41.97
-0.2366	-0.20524	41.9634
-0.1962	-0.123636	42.007
-0.1811	-0.0657586	42.0295
-0.1772	-0.0811425	42.0752
-0.1919	-0.0285965	42.1218
-0.224	0.00722747	42.1674
-0.2705	0.0344949	42.2123
-0.327	0.0519518	42.2549
-0.3681	-0.0327144	42.2819
-0.4315	0.111949	42.3211
-0.4756	-0.011916	42.3492
-0.5387	0.126078	42.3797
-0.5994	0.0876567	42.4214
-0.6528	0.0706165	42.4512
-0.6823	-0.0077359	42.4766
-0.7178	0.0856931	42.5172
-0.7368	0.010836	42.545
-0.7558	0.0555129	42.5831
-0.7646	0.0188281	42.6252
-0.7648	0.00875933	42.6521
-0.7567	-0.00362894	42.6938
-0.7399	-0.020322	42.7353
-0.7244	0.00751433	42.7628
-0.6962	-0.0515909	42.8034
-0.6619	-0.0520626	42.8437
-0.6237	-0.0569083	42.8826
-0.602	0.0236431	42.9086
-0.5498	-0.154824	42.9474
-0.499	-0.0872729	42.9846
-0.4669	-0.0078738	42.9996
-0.4239	-0.105782	43.0356
-0.3839	-0.0765821	43.0737
-0.3601	-0.0145381	43.0964
-0.3303	-0.0837392	43.1337
-0.3052	-0.0558292	43.1717
-0.2864	-0.0411046	43.2078
-0.2779	-0.0126326	43.2329
-0.2702	-0.0352615	43.2708
-0.2671	-0.018845	43.3082
-0.2684	-0.00968927	43.3456
-0.2735	-0.00253179	43.3827
-0.2813	0.00178851	43.4195
-0.2875	-0.0101384	43.4439
-0.2972	0.0111992	43.4801
-0.3075	0.00885959	43.5163
-0.3141	-0.00689283	43.54
-0.3228	0.0136616	43.5757
-0.3302	0.00636377	43.6113
-0.334	-0.00459507	43.6347
-0.3375	0.0047683	43.6699
-0.3617	0.102056	43.705
-0.4488	0.344535	43.7397
-0.6129	0.559253	43.7635
-0.7517	0.283145	43.6919
-0.8444	0.147141	43.5174
-0.8886	0.0606606	43.5189
-0.8921	0.011832	43.5585
-0.8753	0.0302884	43.5856
-0.8274	-0.0539337	43.6222
-0.8329	0.260647	43.6473
-0.997	0.864453	43.6782
-1.1386	0.41198	43.6514
-1.2299	0.236636	43.3895
-1.2613	0.107725	43.2926
-1.2598	0.120907	43.3114
-1.2246	0.0627888	43.3571
-1.1781	0.0966123	43.3851
-1.0779	-0.117578	43.4271
-0.9432	-0.159236	43.4649
-0.8401	0.0543757	43.4764
-0.7105	-0.149603	43.4863
-0.8788	1.23732	43.5138
-1.0186	0.44269	43.5272
-1.2049	0.694111	43.2704
-1.346	0.419747	43.0763
-1.4114	0.206244	42.9288
-1.461	0.339597	42.8453
-1.4823	0.278899	42.8815
-1.5885	0.745092	42.8766
-1.8675	1.36019	42.899
-2.0795	0.691167	42.6748
-2.1719	0.320417	42.4857
-2.229	0.47934	42.2772
-2.218	0.297236	42.3087
-2.1684	0.298395	42.3031
-2.0277	-0.0109319	42.3616
-1.8589	0.0667156	42.4089
-1.8685	0.935966	42.45
-1.9025	0.640074	42.4832
-1.8952	0.374415	42.2082
-1.8045	0.0919531	41.9902
-1.6343	-0.0744096	42.0011
-1.4862	0.204627	42.042
-1.1394	-0.755116	42.0806
-0.9405	0.321746	42.0931
-0.6296	-0.532643	41.8925
-0.3078	-0.399377	41.7802
-0.1559	0.356861	41.6822
0.0352	-0.247923	41.5895
0.2382	-0.278357	41.4631
0.446	-0.306598	41.4543
0.5768	0.0156074	41.4544
0.7547	-0.406358	41.4546
0.8664	-0.0460481	41.475
1.0093	-0.360965	41.4281
1.1187	-0.17831	41.4683
1.1042	0.284586	41.4575
1.0445	0.188837	41.5037
0.9781	0.0950913	41.4257
0.9199	0.0402004	41.4223
0.8687	0.0333041	41.4624
0.8227	0.034195	41.5101
0.782	0.0296143	41.5587
0.7453	0.0299673	41.6066
0.6693	0.223083	41.6543
0.5846	0.182344	41.7018
0.5174	0.088717	41.7071
0.4738	0.0316199	41.7352
0.4565	-0.0220947	41.7661
0.4442	0.0239253	41.8143
0.4441	-0.013406	41.8597
0.4505	-0.0142351	41.8908
0.4685	-0.0519004	41.9371
0.4851	-0.0218005	41.9677
0.5042	-0.0390664	41.9972
0.5257	-0.0496441	42.0273
0.5611	-0.112621	42.0721
0.586	-0.0404082	42.1017
0.6208	-0.11439	42.1399
0.6424	-0.0418282	42.1691
0.6699	-0.104604	42.2083
0.6909	-0.071312	42.252
0.6988	-0.0329056	42.2928
0.6973	-0.0265827	42.3215
0.6861	-0.00979886	42.3795
0.6715	-0.019822	42.4228
0.6596	-0.0419133	42.4512
0.6461	-0.029296	42.4798
0.6134	0.0546413	42.5364
0.5841	-0.00259153	42.5785
0.5646	-0.0393705	42.603
0.5358	0.0279833	42.6441
0.5055	0.0181805	42.685
0.4854	-0.0294252	42.7114
0.4663	-0.00822871	42.7382
0.4377	0.041083	42.7787
0.4093	0.0218433	42.8193
0.3991	-0.0582068	42.8446
0.4162	-0.13865	42.884
0.4429	-0.11886	42.9091
0.4824	-0.155362	42.9346
0.5126	-0.0898657	42.9671
0.526	-0.0406541	42.9857
0.5365	-0.0733878	43.0236
0.5384	-0.04864	43.0498
0.5332	-0.0400103	43.0884
0.5188	-0.0178261	43.1274
0.5046	-0.0412422	43.1533
0.468	0.0597715	43.2043
0.4335	0.00230418	43.2422
0.3976	0.0142135	43.2738
0.3738	-0.0386062	43.2983
0.3385	0.0450902	43.3352
0.3021	0.0306376	43.3715
0.2784	-0.0258347	43.3943
0.2458	0.0477101	43.4298
0.2252	-0.0200869	43.4539
0.1981	0.0393711	43.4879
0.182	-0.019305	43.5118
0.1682	-0.00239261	43.5348
0.1448	0.0506609	43.5824
0.1307	-0.0097382	43.618
0.1243	-0.0222753	43.6397
0.1698	-0.237128	43.6748
0.247	-0.265751	43.7098
0.3651	-0.38169	43.7006
0.5255	-0.493655	43.6845
0.6157	-0.0989726	43.6443
0.7323	-0.395557	43.5038
0.7622	0.0224812	43.5235
0.7715	-0.0938189	43.5062
0.7615	-0.0762031	43.5205
0.741	-0.0805677	43.5447
0.709	-0.0563123	43.5704
0.613	0.207911	43.6201
0.5601	-0.125633	43.6446
0.618	-0.530995	43.6207
0.7497	-0.60952	43.6367
0.8486	-0.291715	43.4684
0.886	-0.0961888	43.3382
0.9035	-0.167009	43.3379
0.8848	-0.0689604	43.379
0.8327	-0.00776029	43.4151
0.7812	-0.0901998	43.4419
0.6856	0.111106	43.4771
0.5682	0.12078	43.5126
0.4827	-0.0639556	43.5222
0.3525	0.22394	43.5388
0.2154	0.178687	43.5682
0.0832	0.157218	43.5553
-0.0029	-0.0174975	43.5692
0.2662	-1.50286	43.5938
0.7441	-1.65249	43.6244
1.0629	-0.460252	43.4866
1.6688	-2.15811	43.0516
1.9475	-0.142461	42.9198
2.3239	-1.36735	42.6425
2.6601	-1.09324	42.6395
2.9439	-1.01056	42.3752
3.1544	-0.8738	42.0606
3.2469	-0.574602	41.8504
3.3039	-0.737849	41.5938
3.2644	-0.431462	41.5828
3.1228	-0.210277	41.4718
2.975	-0.428113	41.5137
2.7059	0.103166	41.5948
2.3642	0.183534	41.6048
2.1034	-0.323032	41.6036
1.6866	0.60211	41.579
1.2418	0.447275	41.5474
1.035	-0.647993	41.4383
0.9084	-0.420677	41.2864
0.9778	-1.0538	41.064
1.018	-0.454778	40.9414
1.0063	-0.26022	40.6811
0.9668	-0.260929	40.6021
0.8673	-0.0608892	40.6482
0.7756	-0.228892	40.6811
0.6098	0.128195	40.738
0.4797	-0.179428	40.7657
0.2701	0.274464	40.7776
0.0385	0.230731	40.811
-0.1981	0.230331	40.7647
-0.3501	-0.125063	40.763
-0.5661	0.394503	40.7803
-0.7804	0.294853	40.7969
-0.9148	-0.0310086	40.7448
-1.0918	0.379934	40.7422
-1.1998	0.0192774	40.768
-1.3336	0.317792	40.7296
-1.4392	0.172074	40.7769
-1.4502	-0.168845	40.7747
-1.2713	-0.793832	40.8238
-1.1341	-0.165482	40.8236
-0.9328	-0.53851	40.621
-0.8035	-0.0998381	40.603
-0.6314	-0.474095	40.461
-0.4799	-0.322707	40.5068
-0.3605	-0.245645	40.4371
-0.2807	-0.166772	40.4623
-0.2478	-0.0683986	40.4966
-0.2246	-0.149005	40.556
-0.2238	-0.0837014	40.5938
-0.2337	-0.0901908	40.6495
-0.1674	-0.463095	40.6877
0.0099	-0.800791	40.7434
0.1554	-0.412883	40.6582
0.2416	-0.224638	40.4332
0.2667	-0.109449	40.4257
0.2548	-0.103895	40.4686
0.2044	-0.0283479	40.5319
0.1195	0.0376261	40.5927
0.007	0.0887407	40.6476
-0.124	0.121367	40.694
-0.2649	0.141939	40.7338
-0.3605	-0.0632971	40.758
-0.501	0.265005	40.794
-0.6437	0.205941	40.8373
-0.776	0.175126	40.8299
-0.8883	0.136032	40.8587
-0.9796	0.114761	40.901
-1.0488	0.089321	40.9506
-0.9919	-0.408998	41.0022
-0.8531	-0.484503	41.0373
-0.7003	-0.352462	40.9656
-0.4884	-0.596006	40.8263
-0.3041	-0.365181	40.7963
-0.162	-0.261193	40.6543
-0.0664	-0.180981	40.669
-0.0118	-0.131574	40.7219
0.0059	-0.0813186	40.7815
-0.009	-0.0329302	40.8405
-0.0518	0.0114572	40.897
-0.1167	0.0470399	40.9499
-0.1976	0.074119	40.9988
-0.2575	-0.0476855	41.029
-0.3511	0.163828	41.0718
-0.4518	0.139194	41.1202
-0.5502	0.126589	41.144
-0.6105	-0.0219243	41.1679
-0.6917	0.177193	41.2099
-0.7665	0.12416	41.2566
-0.7882	-0.0879533	41.2851
-0.6441	-0.70649	41.3288
-0.5113	-0.277276	41.3516
-0.3249	-0.53755	41.1489
-0.2132	-0.105462	41.1191
-0.0767	-0.40489	40.988
0.0311	-0.255322	41.0321
0.1034	-0.179153	41.0056
0.1294	-0.0725616	41.0331
0.1406	-0.127807	41.0878
0.1245	-0.0512383	41.1417
0.0826	0.00012454	41.1943
0.042	-0.0647965	41.2291
-0.0599	0.218534	41.2935
-0.1206	-0.0941141	41.3265
-0.2095	0.131485	41.3172
-0.3019	0.105346	41.3527
-0.364	-0.0265943	41.3736
-0.4516	0.172971	41.4139
-0.532	0.104106	41.4603
-0.5384	-0.201787	41.4763
-0.4543	-0.432943	41.5189
-0.3433	-0.340569	41.5202
-0.3019	0.0378489	41.4531
-0.2661	-0.101527	41.4268
-0.2464	-0.0605267	41.4562
-0.2391	-0.0473657	41.5036
-0.2454	-0.0188163	41.553
-0.2634	0.00150973	41.6019
-0.2807	-0.0278156	41.6339
-0.2924	-0.0497282	41.6807
-0.2397	-0.325428	41.7123
-0.1248	-0.463233	41.7746
-0.0792	-0.0103262	41.7484
-0.0437	-0.123854	41.6459
-0.0338	-0.0506001	41.6804
-0.0432	-0.0283815	41.7271
-0.0598	-0.044677	41.7595
-0.0968	0.0300475	41.8067
-0.1455	0.0405035	41.854
-0.1489	-0.187032	41.8969
-0.1379	-0.146515	41.9396
-0.1397	-0.0473278	41.9559
-0.1507	-0.0315201	41.9781
-0.1775	0.0188495	42.0236
-0.214	0.0292553	42.0693
-0.2418	-0.0286639	42.0981
-0.286	0.070404	42.1406
