Kp:	0.3	Ki:	0.0075	Kd:	0.6
cte	steer_value
0.76	-0.6897	0
0.76	-0.2394	0
0.759	-0.244193	0.2999
0.758	-0.249578	0.5586
0.7571	-0.255046	0.7787
0.7553	-0.25963	1.0863
0.7517	-0.263108	1.504
0.7484	-0.267911	1.7074
0.7457	-0.273054	1.9401
0.7411	-0.276092	2.2209
0.7356	-0.279419	2.5353
0.7292	-0.282428	2.8222
0.7218	-0.285022	3.123
0.7162	-0.289793	3.3075
0.7036	-0.28709	3.6901
0.6926	-0.289945	3.9763
0.6846	-0.294479	4.1622
0.6714	-0.292435	4.4398
0.6618	-0.296678	4.6248
0.6461	-0.293154	4.9012
0.6286	-0.291539	5.1758
0.616	-0.295318	5.3582
0.5956	-0.288986	5.6305
0.5733	-0.285455	5.9008
0.5572	-0.288524	6.0804
0.5224	-0.270782	6.4373
0.5035	-0.278428	6.6145
0.4734	-0.266229	6.8798
0.4409	-0.258346	7.1425
0.406	-0.249481	7.4044
0.3814	-0.251141	7.5781
0.3425	-0.23346	7.8375
0.301	-0.221707	8.0948
0.2724	-0.22291	8.266
0.2319	-0.20536	8.5214
0.2031	-0.205263	8.7747
0.1845	-0.207187	8.9431
0.1282	-0.168638	9.194
0.0928	-0.171254	9.3602
0.0431	-0.148088	9.6093
-0.0049	-0.134671	9.8562
-0.0508	-0.12178	10.1019
-0.0986	-0.10556	10.346
-0.1482	-0.0884888	10.5884
-0.1993	-0.070764	10.8294
-0.2518	-0.0522855	11.0687
-0.3054	-0.033255	11.3435
-0.3593	-0.0142103	11.1724
-0.3959	-0.010641	11.8657
-0.45	0.019464	11.6575
-0.4866	0.0235935	12.064
-0.5409	0.0545603	12.4013
-0.5946	0.0747697	12.5173
-0.6473	0.0948345	12.8317
-0.6817	0.0992872	12.9904
-0.7308	0.128318	13.0628
-0.7782	0.147355	13.2543
-0.8082	0.151976	13.4376
-0.8499	0.17788	13.6248
-0.8883	0.194083	14.0206
-0.9222	0.208469	13.9759
-0.9512	0.221363	14.4572
-0.9675	0.225889	14.5906
-0.9869	0.240971	14.5827
-1.0003	0.248893	14.9568
-1.0055	0.253075	15.0619
-1.0074	0.25922	15.1259
-1.002	0.260735	15.5552
-0.9942	0.264412	15.6455
-0.9759	0.259941	15.6978
-0.9494	0.254192	16.1059
-0.9149	0.245903	16.1591
-0.8722	0.234715	16.4525
-0.8391	0.236838	16.6337
-0.7833	0.212353	16.6931
-0.719	0.193355	17.0258
-0.6471	0.172078	17.1498
-0.5679	0.148198	17.4048
-0.4822	0.122204	17.5232
-0.3902	0.0937507	17.8188
-0.2932	0.0638498	17.9768
-0.1916	0.0320467	18.188
-0.1219	0.031191	18.3299
-0.0158	-0.0223605	18.501
0.0927	-0.0570458	18.6995
0.1655	-0.058707	18.8311
0.2735	-0.114278	19.0037
0.3805	-0.148632	19.1989
0.4503	-0.150629	19.3208
0.5506	-0.203149	19.4939
0.6459	-0.233583	19.6769
0.7341	-0.261289	19.8488
0.7879	-0.262698	19.9668
0.8599	-0.301667	20.1319
0.9244	-0.32345	20.3191
0.9645	-0.328074	20.4325
1.0184	-0.360162	20.5802
1.0647	-0.377477	20.7776
1.1013	-0.390897	20.907
1.1169	-0.391354	21.0128
1.125	-0.397721	21.2323
1.1149	-0.392133	21.3306
1.0857	-0.380056	21.5815
1.0375	-0.361977	21.6536
0.9949	-0.360019	21.7651
0.9155	-0.320985	22.0511
0.8182	-0.287192	22.0988
0.7034	-0.247527	22.3953
0.6181	-0.244273	22.5107
0.4791	-0.173946	22.5721
0.3789	-0.170008	22.6878
0.2197	-0.0884955	22.9648
0.0508	-0.0323865	23.0318
-0.1254	0.025794	23.293
-0.305	0.0840015	23.3662
-0.4251	0.0875197	23.4729
-0.6025	0.179639	23.6897
-0.7757	0.234896	23.7847
-0.9407	0.286531	23.9662
-1.0932	0.33298	24.0634
-1.1863	0.334168	24.1497
-1.3096	0.3991	24.2853
-1.4126	0.428414	24.4088
-1.4917	0.448992	24.5324
-1.5295	0.447023	24.6098
-1.5663	0.46921	24.7718
-1.5649	0.457607	24.8599
-1.5365	0.444411	24.9882
-1.4764	0.418434	25.1268
-1.3849	0.382531	25.2703
-1.2626	0.33683	25.4208
-1.1112	0.282284	25.5752
-0.9952	0.276188	25.6803
-0.8009	0.176925	25.84
-0.5771	0.0964132	25.9953
-0.3232	0.00460725	26.1507
-0.0461	-0.092097	26.2997
0.2427	-0.187577	26.4393
0.4365	-0.191991	26.5207
0.7223	-0.338348	26.624
1.0006	-0.424843	26.7387
1.2646	-0.504947	26.8199
1.4286	-0.504862	26.859
1.7171	-0.67899	26.9276
1.8402	-0.630482	26.9817
1.9894	-0.705822	26.9839
2.0945	-0.726601	27.0536
2.1382	-0.718907	27.084
2.1604	-0.72887	27.1415
2.1297	-0.703893	27.223
2.0449	-0.66133	27.3122
1.9061	-0.601585	27.422
1.7848	-0.589081	27.5092
1.4778	-0.396645	27.704
1.2931	-0.424313	27.7985
0.9853	-0.265503	27.9703
0.6423	-0.1463	28.1201
0.2706	-0.0195998	28.2774
-0.1214	0.111091	28.4186
-0.5252	0.24325	28.537
-0.9311	0.373263	28.6243
-1.1978	0.378736	28.6526
-1.5828	0.577087	28.6668
-1.9467	0.688198	28.7175
-2.6814	1.1512	28.6931
-2.5132	0.577847	28.6459
-2.7009	0.867954	28.4544
-2.8666	0.925964	28.5296
-2.9695	0.941425	28.4634
-3.0017	0.931177	28.4009
-2.9591	0.895711	28.3796
-2.8884	0.879304	28.3887
-2.7205	0.791018	28.4475
-2.4795	0.693454	28.5212
-2.1701	0.57587	28.6475
-1.9293	0.559259	28.7569
-1.524	0.350399	28.9381
-1.0694	0.19246	29.0997
-0.5757	0.0252075	29.2738
-0.054	-0.147697	29.4228
0.3041	-0.159248	29.4994
0.8458	-0.438262	29.5552
1.3883	-0.611904	29.6266
1.9206	-0.779879	29.601
2.4287	-0.936004	29.4978
2.8986	-1.07579	29.3391
3.1836	-1.07423	29.1504
3.5417	-1.25208	28.5126
3.8199	-1.31625	28.4406
4.0218	-1.36121	28.0674
4.1622	-1.39764	28.0517
4.223	-1.39979	28.0124
4.2598	-1.42838	28.0454
4.2144	-1.39705	28.0291
4.1401	-1.38847	28.0478
3.9881	-1.32616	28.4423
3.8029	-1.2792	28.6713
3.6606	-1.28971	28.4873
3.4209	-1.18502	28.0846
3.2225	-1.17444	27.9674
3.1251	-1.22926	27.638
3.0366	-1.23083	27.6416
1.9638	-0.333136	27.5889
1.5821	-0.645152	27.7226
1.1835	-0.524308	27.8955
0.5558	-0.202706	28.0447
-0.1034	0.0147293	28.2043
-0.7832	0.236903	28.3706
-1.2421	0.251349	28.4193
-1.9311	0.610592	28.422
-2.6163	0.833494	28.4406
-3.0665	0.850553	28.3327
-3.7116	1.18886	27.7164
-4.1146	1.19536	27.4416
-4.6769	1.49471	26.6606
-5.0253	1.50858	26.4956
-5.5155	1.78208	26.2158
-5.8289	1.81374	25.9057
-6.2852	2.08351	25.6071
-6.588	2.13166	25.4619
-7.0274	2.39814	25.2689
-7.4447	2.56591	25.0272
-7.7177	2.61911	24.8675
-8.1231	2.8811	24.8199
-8.5017	3.04236	24.4779
-8.8278	3.1749	24.1175
-9.0812	3.27541	24.0015
-9.2606	3.35428	23.3657
-9.4122	3.45367	23.2409
-9.5081	3.52033	23.2058
-9.6468	3.65997	23.3189
-9.7463	3.7394	23.6386
-9.7597	3.76496	23.3917
-9.7019	3.77766	22.8139
-9.5637	3.75969	22.5323
-9.3469	3.71759	22.2718
-9.1575	3.74589	22.1004
-8.8088	3.61177	21.8454
-8.3912	3.50808	21.6275
-8.0808	3.53989	21.5458
-7.7516	3.48799	21.4469
-7.5572	3.56723	4.607
-7.5206	3.70733	2.895
-7.4967	3.764	2.3299
-7.4693	3.8097	1.5468
-7.4581	3.872	1.0521
-7.4539	3.93084	0.5912
-7.4536	3.989	0.0581
-7.4535	4.04499	0.0345
-7.4535	4.10095	0.0091
-7.4534	4.15676	0.0074
-7.4534	4.21272	0.012
-7.4535	4.26871	0.0104
-7.4535	4.32455	0.0108
-7.4536	4.38054	0.0056
-7.4535	4.4363	0.0037
-7.4536	4.49235	0.0117
-7.4535	4.5481	0.0082
-7.4535	4.60406	0.002
-7.4535	4.65996	0.0091
-7.4535	4.71586	0.0034
-7.4536	4.77185	0.0051
-7.4536	4.8277	0.0019
-7.4536	4.8836	0.0066
-7.4536	4.9395	0.0069
-7.4536	4.9954	0.0023
-7.4536	5.0513	0.0053
-7.4536	5.10721	0.0081
-7.4536	5.16311	0.0054
-7.4536	5.21901	0.0022
-7.4536	5.27491	0.0071
-7.4536	5.33081	0.0022
-7.4536	5.38672	0.0069
-7.4537	5.44271	0.0044
-7.4536	5.49846	0.0057
-7.4536	5.55442	0.0027
-7.4536	5.61033	0.0038
-7.4536	5.66623	0.0121
-7.4536	5.72213	0.0064
-7.4536	5.77803	0.0042
-7.4536	5.83393	0.0031
-7.4536	5.88984	0.0056
-7.4536	5.94574	0.0067
-7.4536	6.00164	0.0076
-7.4536	6.05754	0.0055
-7.4536	6.11344	0.0041
-7.4536	6.16935	0.0034
-7.4536	6.22525	0.0123
-7.4536	6.28115	0.008
-7.4536	6.33705	0.0088
-7.4536	6.39295	0.0027
-7.4536	6.44886	0.0034
-7.4536	6.50476	0.0047
-7.4536	6.56066	0.0027
-7.4536	6.61656	0.0014
-7.4536	6.67246	0.0018
