Kp:	0.3	Ki:	0.0075	Kd:	0.6
cte	steer_value
0.76	-3.4485	0
0.76	1.65187	0
0.7584	0.00446129	0.3624
0.7598	-0.151061	0.4616
0.7599	-0.152614	0.87
0.7593	-0.155741	1.0589
0.7577	-0.155876	1.4504
0.7563	-0.161847	1.6878
0.7539	-0.159613	1.9963
0.752	-0.166598	2.2791
0.7485	-0.160805	2.6365
0.7444	-0.16393	2.968
0.7397	-0.164943	3.338
0.7362	-0.173829	3.5639
0.7303	-0.16232	3.8981
0.7258	-0.175747	4.1264
0.7185	-0.16204	4.4649
0.7101	-0.164747	4.8002
0.704	-0.179375	5.0232
0.6975	-0.173849	5.2451
0.6866	-0.155783	5.5759
0.6745	-0.161297	5.9052
0.6658	-0.180649	6.124
0.652	-0.1506	6.45
0.6418	-0.178191	6.6656
0.6256	-0.143844	6.9888
0.6075	-0.148067	7.3086
0.5948	-0.177013	7.5217
0.5747	-0.130921	7.8394
0.5523	-0.135321	8.1537
0.5366	-0.170326	8.3634
0.512	-0.113658	8.676
0.4943	-0.162017	8.882
0.4691	-0.111755	9.1917
0.4547	-0.174269	9.3956
0.4438	-0.164899	9.7021
0.4084	-0.0430426	10.0035
0.3892	-0.168505	10.2046
0.3656	-0.112675	10.5038
0.3423	-0.118566	10.7984
0.3182	-0.111698	11.096
0.3012	-0.142404	11.3367
0.2746	-0.0800777	11.2006
0.2551	-0.129619	11.7914
0.2253	-0.0650667	12.219
0.2045	-0.124224	12.3069
0.1724	-0.050344	12.3363
0.1495	-0.111783	12.5702
0.1148	-0.0347191	13.0779
0.0778	-0.0444236	13.23
0.0524	-0.0979071	13.3572
0.0141	-0.00788823	13.7657
-0.0269	-0.0167339	14.0178
-0.0545	-0.0783431	14.092
-0.0958	0.0202965	14.6356
-0.139	0.00725265	14.6121
-0.1677	-0.0567413	14.6431
-0.1961	-0.018243	14.9656
-0.2405	0.0639851	15.4908
-0.2859	0.0402851	15.5394
-0.329	0.0341172	16.0156
-0.37	0.0390325	16.1017
-0.3968	-0.010818	16.267
-0.4361	0.0865597	16.692
-0.476	0.0716041	16.8404
-0.5014	0.0115772	16.9904
-0.5368	0.097708	17.3598
-0.5716	0.0828591	17.537
-0.5933	0.0318986	17.6935
-0.6227	0.104191	18.0095
-0.6507	0.0900874	18.2239
-0.6674	0.0486161	18.3868
-0.689	0.103457	18.6617
-0.7082	0.0898742	18.8942
-0.7233	0.0824964	19.1537
-0.7309	0.064166	19.3186
-0.739	0.0892123	19.5506
-0.7425	0.0729964	19.7142
-0.7442	0.0792003	19.9705
-0.743	0.0743148	20.1328
-0.7399	0.0755414	20.2938
-0.7318	0.0601354	20.5165
-0.7193	0.0536289	20.7749
-0.7088	0.0744443	20.9347
-0.6901	0.0340966	21.1451
-0.6752	0.0694685	21.3001
-0.6501	0.0154497	21.5667
-0.621	0.0184972	21.7611
-0.5999	0.0629852	21.9131
-0.5663	-0.0135103	22.185
-0.5417	0.0511687	22.3354
-0.5135	0.0131761	22.4855
-0.4623	-0.0876692	22.6717
-0.4199	-0.000729589	22.8228
-0.3528	-0.135629	23.0688
-0.305	-0.00237189	23.2139
-0.2372	-0.142094	23.4033
-0.1701	-0.106956	23.6358
-0.107	-0.0989991	23.8335
-0.049	-0.0967899	24.0556
-0.0127	-0.0220332	24.1979
0.0383	-0.148038	24.408
0.0878	-0.12059	24.6223
0.1181	-0.0442785	24.7577
0.1582	-0.14051	24.9652
0.195	-0.114304	25.1752
0.226	-0.101945	25.3779
0.2428	-0.0585101	25.5152
0.2632	-0.113749	25.721
0.2794	-0.0938966	25.9262
0.2872	-0.0693955	26.0607
0.2941	-0.0885426	26.263
0.2959	-0.0716464	26.3976
0.2943	-0.0700615	26.5979
0.2905	-0.0699454	26.7311
0.2809	-0.0499467	26.9297
0.272	-0.0665693	27.0614
0.2555	-0.0309185	27.2581
0.2349	-0.0280843	27.4531
0.2195	-0.059817	27.5826
0.1945	-0.00275125	27.7758
0.1762	-0.0509143	27.9036
0.1477	0.0122694	28.0941
0.1171	0.00367811	28.2835
0.0963	-0.0422582	28.4086
0.0757	-0.0169225	28.5337
0.0433	0.0425931	28.7205
0.021	-0.0249735	28.8446
0.0127	-0.0626913	29.0269
-0.0223	0.094919	29.2106
-0.0206	-0.125209	29.3314
-0.011	-0.0793571	29.5033
-0.0051	-0.0389246	29.6138
0	-0.043073	29.7909
0.002	-0.0324205	29.9106
0.0034	-0.0376272	30.0891
0.0034	-0.0335938	30.2076
0.0019	-0.0302826	30.3844
-0.0013	-0.0261277	30.5601
-0.0061	-0.0225934	30.7348
-0.0101	-0.0294307	30.8506
-0.0169	-0.0143717	31.0234
-0.0222	-0.0263212	31.1381
-0.0307	-0.00769014	31.3091
-0.0368	-0.0241747	31.4225
-0.0461	-0.00327335	31.5917
-0.0558	-0.00667343	31.7599
-0.0624	-0.0202171	31.8713
-0.0718	0.00119367	32.0377
-0.0813	-0.00233002	32.2032
-0.0874	-0.0163749	32.3127
-0.0956	0.00263425	32.4764
-0.1008	-0.0133739	32.585
-0.1076	0.002004	32.7468
-0.1135	-0.00361512	32.9079
-0.1167	-0.012451	33.0146
-0.1085	-0.056585	33.1739
-0.079	-0.126859	33.3323
-0.0518	-0.0690532	33.4363
-0.0157	-0.115546	33.5835
0.0053	-0.0328676	33.6867
0.031	-0.0922465	33.8374
0.0519	-0.0671441	33.9915
0.0671	-0.0561383	34.1429
0.0736	-0.034183	34.2445
0.0778	-0.0470408	34.3459
0.0805	-0.0485602	34.4972
0.0789	-0.0340107	34.6475
0.0727	-0.0236511	34.7967
0.0664	-0.0340442	34.8958
0.0543	-0.00797705	35.0435
0.0445	-0.0301434	35.1415
0.0283	0.00490754	35.2875
0.0101	0.00216289	35.4327
-0.0026	-0.025314	35.5287
-0.0216	0.0182363	35.6721
-0.0347	-0.0187222	35.7674
-0.0533	0.0216902	35.9088
-0.0714	0.0111954	36.0501
-0.0827	-0.0157418	36.1432
-0.0978	0.0200815	36.2829
-0.1056	-0.0174732	36.4219
-0.0977	-0.0701748	36.5137
-0.0788	-0.0826845	36.6055
-0.0454	-0.122575	36.7396
-0.0251	-0.0325961	36.8283
-0.0006	-0.0834306	36.9564
0.0191	-0.0586701	37.091
0.0293	-0.0301268	37.1794
0.0401	-0.0582781	37.3127
0.0467	-0.0419267	37.4455
0.0485	-0.0315649	37.5332
0.0473	-0.0306624	37.6646
0.0423	-0.0214722	37.7952
0.0369	-0.0285259	37.8818
0.0265	-0.00668819	38.011
0.0133	-0.0040829	38.1394
-0.0017	-0.00106358	38.2668
-0.0122	-0.0235049	38.3512
-0.0282	0.0137516	38.4773
-0.0448	0.00744713	38.6026
-0.0558	-0.0170526	38.6854
-0.071	0.0173711	38.8092
-0.0855	0.00848443	38.9325
-0.0944	-0.012913	39.0139
-0.1056	0.0129089	39.1358
-0.1122	-0.00978491	39.2167
-0.1149	-0.0152681	39.3372
-0.0758	-0.193891	39.4573
0.0009	-0.271864	39.5768
0.0503	-0.0653859	39.6351
0.1085	-0.171578	39.7005
0.1393	-0.0425602	39.7774
0.1725	-0.12339	39.8857
0.1875	-0.0473136	39.9632
0.1984	-0.0753267	40.0771
0.1988	-0.0437458	40.1546
0.194	-0.0469214	40.2315
0.1782	-0.0112643	40.3466
0.153	0.00649899	40.4609
0.132	-0.0328234	40.5362
0.0967	0.0435034	40.6479
0.0563	0.0397994	40.7596
0.0143	0.0397442	40.8675
-0.0264	0.0367907	40.9759
-0.0519	-0.0216582	41.0481
-0.0872	0.064072	41.1565
-0.1173	0.0272974	41.2647
-0.1215	-0.073397	41.3691
-0.1122	-0.0711971	41.4405
-0.0981	-0.0572575	41.5424
-0.0862	-0.0351854	41.6455
-0.0798	-0.0161997	41.7152
-0.0716	-0.0386407	41.8204
-0.0645	-0.0317773	41.9251
-0.059	-0.0279729	42.0289
-0.0556	-0.0232517	42.1323
-0.0544	-0.0190076	42.2009
-0.0539	-0.0215001	42.3032
-0.0544	-0.0189765	42.3711
-0.0562	-0.0153203	42.4724
-0.0581	-0.0175996	42.5395
-0.0616	-0.0102663	42.6397
-0.0659	-0.00956846	42.7393
-0.0683	-0.0193319	42.8053
-0.0537	-0.0914384	42.9039
0.0474	-0.445906	43.0019
0.1299	-0.172801	43.0945
0.1729	-0.0367317	43.0561
0.2189	-0.154926	43.135
0.2504	-0.0994728	43.2308
0.2625	-0.0527812	43.2898
0.2666	-0.0685296	43.3849
0.2562	-0.0274614	43.4806
0.2417	-0.0440533	43.5438
0.2107	0.0199911	43.6381
0.1691	0.0330953	43.7317
0.1373	-0.0324712	43.7923
0.0869	0.0783444	43.8819
0.051	-0.0205002	43.9427
-0.0017	0.0932374	44.0269
-0.054	0.0642236	44.1169
-0.1018	0.0518621	44.1991
-0.1293	-0.0202781	44.257
-0.1641	0.0674969	44.3451
-0.1933	0.0360638	44.4333
-0.2088	-0.00764098	44.49
-0.2246	0.0308944	44.5774
-0.2317	-0.0026949	44.665
-0.2367	0.0107649	44.7226
-0.1449	-0.419948	44.7805
-0.0083	-0.410424	44.8668
0.1141	-0.247051	44.8027
0.1775	-0.0264559	44.7772
0.2471	-0.208952	44.8383
0.2958	-0.12525	44.9197
0.3156	-0.0537402	44.9668
0.3244	-0.0812546	45.0231
0.3211	-0.0612383	45.1091
0.2989	-0.00733154	45.194
0.2741	-0.0397438	45.2505
0.2254	0.0623594	45.3333
0.1664	0.0601147	45.4162
0.1469	-0.1376	45.4916
0.1501	-0.146298	45.5428
0.1457	-0.0517553	45.6068
0.1341	-0.031763	45.6505
0.1066	0.0239778	45.7305
0.0694	0.0336967	45.811
0.0266	0.0397543	45.889
-0.0033	-0.026133	45.9404
-0.048	0.0760111	46.0172
-0.0937	0.0566052	46.095
-0.1366	0.047912	46.1671
-0.1617	-0.0179539	46.217
-0.1561	-0.109209	46.2929
-0.0244	-0.605677	46.3692
0.0595	-0.108952	46.4128
0.1642	-0.307701	46.2622
0.2202	-0.0652751	46.2919
0.279	-0.201339	46.3163
0.3032	-0.059143	46.3657
0.3159	-0.0948451	46.4309
0.3033	-0.0176222	46.508
0.2681	0.0234948	46.5841
0.2139	0.0567504	46.6592
0.1702	-0.0311717	46.7068
0.0986	0.123887	46.7744
0.0191	0.108649	46.8471
-0.0609	0.102005	46.9036
-0.1107	-0.0227096	46.9453
-0.1779	0.137395	47.0111
-0.2395	0.0901045	47.081
-0.275	-0.0053313	47.1193
-0.3165	0.0923387	47.1865
-0.3473	0.0438169	47.2573
-0.3597	-0.00791078	47.301
-0.3108	-0.236762	47.3711
-0.1658	-0.532079	47.4414
-0.0244	-0.302983	47.4565
0.0901	-0.196618	47.3302
0.168	-0.115477	47.3467
0.2123	-0.070304	47.4109
0.2267	-0.0309637	47.4829
0.2151	0.00547154	47.5545
0.2284	-0.174069	47.6238
0.3129	-0.44715	47.6682
0.4324	-0.450267	47.7202
0.509	-0.182928	47.6426
0.5268	-0.0262377	47.5868
0.4914	0.0628799	47.6533
0.4455	-0.0225999	47.6988
0.355	0.150656	47.7495
0.2411	0.164171	47.8161
0.1153	0.174646	47.8531
-0.0098	0.16155	47.8936
-0.1218	0.124892	47.9383
-0.104	-0.41135	47.973
0.0344	-0.651695	48.0336
0.1671	-0.341338	47.9282
0.2396	-0.0820607	47.8074
0.318	-0.265098	47.7677
0.368	-0.150012	47.8329
0.3857	-0.0814102	47.8672
0.3691	-0.0125764	47.9317
0.3864	-0.252564	48.0007
0.475	-0.507783	48.0664
0.5351	-0.222307	48.0914
0.5429	-0.0515861	47.981
0.4975	0.0580895	48.0312
0.4443	-0.0362231	48.077
0.3427	0.16219	48.1276
0.2169	0.173033	48.1922
0.0795	0.181916	48.2222
-0.0117	-0.0347936	48.2446
-0.1416	0.264915	48.2828
-0.2681	0.191892	48.339
-0.3747	0.127951	48.3476
-0.2463	-0.869424	48.3918
0.0228	-0.971082	48.4519
0.2965	-0.664172	48.2518
0.4705	-0.223032	48.0726
0.7043	-0.761912	47.8239
0.9052	-0.537315	47.852
1.0572	-0.42495	47.6533
1.1209	-0.178568	47.5791
1.1583	-0.29461	47.5851
1.1711	-0.274709	47.6598
1.2118	-0.472971	47.6966
1.225	-0.299749	47.7566
1.1644	-0.0321199	47.7169
1.0822	-0.10661	47.7518
0.914	0.229326	47.822
0.7752	-0.0844965	47.8698
0.5466	0.398965	47.8551
0.3747	-0.025129	47.9091
0.376	-0.662522	47.8567
0.3891	-0.298003	47.9049
0.3554	-0.0272125	47.6411
0.2761	0.0790934	47.6265
0.1624	0.13261	47.6933
0.0753	-0.0580598	47.7287
-0.0622	0.242455	47.7699
-0.2109	0.204926	47.8316
-0.31	-0.026952	47.8365
-0.4476	0.282279	47.8675
-0.6215	0.393123	47.9482
-0.6992	-0.100583	47.9484
-0.7153	-0.142489	47.8972
-0.5249	-0.909804	47.9269
-0.3214	-0.501148	47.9611
-0.1303	-0.410195	47.7514
-0.0204	-0.101102	47.6204
0.1092	-0.405542	47.5805
0.2052	-0.247478	47.6462
0.2578	-0.146648	47.6282
0.2653	-0.0620816	47.6648
0.242	-0.0404921	47.7371
0.1831	0.0421463	47.8078
0.1178	-0.00933752	47.8767
0.1024	-0.246387	47.9365
0.0931	-0.15522	47.9801
0.0531	0.00949356	47.9977
-0.0195	0.0941157	48.0522
-0.1151	0.129389	48.1158
-0.1857	-0.0266741	48.1496
-0.2936	0.210888	48.1945
-0.3099	-0.26696	48.2562
-0.2406	-0.441096	48.28
-0.1964	-0.119585	48.2613
-0.156	-0.151408	48.152
-0.1432	-0.0456799	48.2036
-0.1545	-0.00459649	48.2616
-0.2178	0.171574	48.3693
-0.2746	0.0267015	48.4327
-0.3323	0.0475006	48.4594
-0.3694	-0.0354638	48.4988
-0.4234	0.0983085	48.5603
-0.4774	0.0741612	48.6208
-0.5262	0.0596884	48.6748
-0.5534	-0.0149804	48.7135
-0.5742	0.0153727	48.7736
-0.4143	-0.779004	48.8751
-0.299	-0.176087	48.936
-0.1965	-0.209208	48.7317
-0.116	-0.164258	48.7354
-0.0585	-0.129851	48.7781
-0.0267	-0.0829519	48.833
-0.0203	-0.0393515	48.8927
-0.0374	0.000602184	48.9545
-0.0601	-0.0316118	48.9954
-0.1277	0.158404	49.0541
-0.0553	-0.571301	49.1138
-0.006	-0.157429	49.1407
0.017	-0.0756771	49.0371
0.0301	-0.0997908	49.0597
0.0229	-0.039031	49.1185
-0.0038	0.000310592	49.1754
-0.048	0.0345072	49.2348
-0.1052	0.0565302	49.2929
-0.1704	0.0696016	49.3483
-0.2388	0.0754073	49.4018
-0.3059	0.0740722	49.4546
-0.348	-0.023124	49.4897
-0.4047	0.111835	49.543
-0.4563	0.0713186	49.5981
-0.4981	0.0480321	49.6444
-0.5264	0.0206037	49.6975
-0.5188	-0.100992	49.7526
-0.462	-0.235949	49.7898
-0.3678	-0.29104	49.8341
-0.2807	-0.176683	49.8397
-0.2157	-0.100656	49.8333
-0.1758	-0.0513838	49.8763
-0.1616	-0.00549854	49.9127
-0.1555	-0.0369323	49.9677
-0.1598	-0.014925	50.0027
-0.1779	0.0224665	50.0567
-0.2081	0.0466234	50.1101
-0.2464	0.0583997	50.1611
-0.2742	-0.00278835	50.1938
-0.3159	0.0896834	50.242
-0.3576	0.0677948	50.2938
-0.3949	0.0545701	50.3383
-0.4237	0.0347985	50.3865
-0.4427	0.0183716	50.4363
-0.4498	-0.00541908	50.4702
-0.4523	0.00697078	50.5212
-0.4491	-0.00334781	50.5551
-0.4375	-0.0257942	50.6056
-0.4179	-0.0415761	50.6559
-0.392	-0.0516563	50.7055
-0.3725	-0.00946689	50.738
-0.3735	0.0674433	50.7862
-0.5627	0.87332	50.7964
0.2214	-3.95457	50.8851
0.221	1.72255	50.516
0.4608	-1.03952	50.2631
0.7279	-0.779259	49.9289
1.0057	-0.781368	49.6512
1.2662	-0.726021	49.3623
1.4202	-0.335369	49.1971
1.6067	-0.772813	48.9686
1.7373	-0.504728	48.9775
1.7956	-0.335829	48.7746
1.7681	-0.146033	48.7288
1.6587	0.00612761	48.7829
1.4796	0.125193	48.8571
1.2474	0.212287	48.9099
1.0724	-0.148398	48.9243
0.7956	0.46673	48.9192
0.4943	0.39678	48.9497
0.1894	0.391707	48.8304
-0.0915	0.325349	48.7622
-0.3349	0.264665	48.7303
-0.4724	-0.0748682	48.7412
-0.6403	0.349454	48.7855
-0.777	0.191505	48.8145
-0.8713	0.0977828	48.795
-0.9063	-0.0439398	48.8284
-0.9233	0.0335733	48.8926
-0.9077	-0.0527872	48.9466
-0.8635	-0.100435	49.0064
-0.8206	-0.0252944	49.044
-0.7161	-0.30687	49.1107
-0.6242	-0.120817	49.1672
-0.5375	-0.130233	49.1525
-0.4619	-0.108147	49.2029
-0.3973	-0.0983198	49.257
-0.3457	-0.0784465	49.313
-0.3082	-0.0561065	49.3694
-0.2913	-0.00472627	49.4073
-0.2768	-0.0477038	49.4642
-0.2726	-0.0126217	49.5189
-0.2751	-0.00720173	49.5562
-0.2858	0.0135809	49.6116
-0.3031	0.025751	49.6667
-0.3245	0.0314457	49.7206
-0.3473	0.0319611	49.7738
-0.3621	-0.00292089	49.809
-0.3821	0.0434473	49.8617
-0.3999	0.0279221	49.9154
-0.4095	-7.03201e-05	49.9497
-0.4193	0.0239729	50.0021
-0.4229	0.00042935	50.0373
-0.4233	0.00295597	50.0894
-0.4178	-0.0133619	50.1418
-0.4109	-0.00450394	50.1764
-0.3967	-0.0328805	50.2282
-0.3846	-0.00691357	50.2625
-0.3639	-0.0503223	50.3133
-0.3484	-0.00923264	50.3472
-0.3243	-0.0605666	50.3968
-0.3076	-0.010877	50.4302
-0.2834	-0.0628587	50.479
-0.2677	-0.0113863	50.512
-0.2462	-0.0584672	50.5603
-0.2331	-0.0113331	50.593
-0.2162	-0.0490862	50.6412
-0.2066	-0.0109243	50.6736
-0.1986	-0.0213923	50.7057
-0.1885	-0.0368575	50.754
-0.1806	-0.0235434	50.8021
-0.1768	-0.0106033	50.834
-0.1733	-0.0194079	50.8816
-0.1763	0.00852918	50.9289
-0.2249	0.201155	50.9604
-0.3577	0.48407	50.9912
-0.7041	1.27159	50.9919
-0.0871	-3.55406	50.8487
0.0603	0.697741	50.5829
0.235	-0.382649	50.3177
0.3736	-0.264559	50.077
0.5967	-0.762211	49.9427
0.8171	-0.60172	49.9158
0.9537	-0.257088	49.7876
1.1245	-0.63952	49.5926
1.2541	-0.424579	49.6195
1.3255	-0.282131	49.4622
1.3336	-0.158859	49.4501
1.2921	-0.102158	49.5022
1.2319	-0.14497	49.5458
1.1488	-0.089219	49.588
0.9825	0.241088	49.6485
0.8457	-0.0665898	49.6892
0.6212	0.407526	49.5844
0.467	-0.0742978	49.6984
0.2052	0.591337	49.4948
0.0356	-0.0203916	49.3698
-0.1978	0.49969	49.3316
-0.3416	0.00356115	49.3475
-0.5252	0.413925	49.244
-0.6269	0.00152238	49.2587
-0.7078	0.116413	49.2185
-0.6912	-0.243281	49.2552
-0.6181	-0.264054	49.3218
-0.5258	-0.209618	49.2945
-0.4641	-0.0283513	49.2808
-0.3763	-0.224487	49.3022
-0.2904	-0.174939	49.356
-0.2377	-0.0394541	49.3755
-0.1718	-0.1871	49.421
-0.1177	-0.120666	49.477
-0.0805	-0.0797525	49.5196
-0.0635	-0.0370229	49.574
-0.0649	-0.00782236	49.6309
-0.0749	-0.016067	49.6687
-0.0692	-0.109404	49.7053
0.0158	-0.434873	49.7608
0.0784	-0.158833	49.7941
0.1407	-0.207083	49.7015
0.1653	-0.0521965	49.745
0.162	-0.0204836	49.7729
0.1323	0.0259136	49.8292
0.0786	0.0714404	49.8843
0.0326	-0.0160142	49.9184
-0.0185	0.0288751	49.9483
-0.105	0.188308	50.0011
-0.168	0.0138285	50.0359
-0.2581	0.198118	50.0535
-0.3433	0.133848	50.1039
-0.415	0.0967754	50.1261
-0.4138	-0.186279	50.1543
-0.2816	-0.604087	50.2044
-0.1893	-0.122603	50.2066
-0.0671	-0.342985	50.0266
0.0359	-0.213667	50.0494
0.0899	-0.0511968	50.0307
0.1452	-0.187036	50.0639
0.3883	-1.05697	50.1169
0.5881	-0.464153	50.1443
0.8463	-0.835489	49.8976
0.9837	-0.206872	49.7873
1.0866	-0.355321	49.6365
1.1869	-0.471476	49.6645
1.2168	-0.190313	49.6752
1.2109	-0.206031	49.641
1.1437	-0.0298482	49.7
1.0629	-0.112859	49.7388
1.0617	-0.507415	49.7967
1.1504	-0.734288	49.8329
1.2239	-0.458498	49.7062
1.2251	-0.166305	49.5677
1.1865	-0.163145	49.5172
1.1147	-0.118002	49.5585
0.9575	0.191491	49.6205
0.9947	-0.873631	49.664
1.3141	-1.72182	49.6578
1.5063	-0.505868	49.4049
1.5976	-0.333657	49.2092
1.6708	-0.533801	49.0343
1.6681	-0.273724	49.0462
1.5803	-0.0783022	48.947
1.4134	0.0747332	48.9999
1.3828	-0.722308	49.0691
1.4208	-0.727037	49.0945
1.4232	-0.390532	48.8771
1.3824	-0.269207	48.7155
1.2479	0.0506017	48.6784
1.033	0.20564	48.7238
0.8562	-0.139477	48.7567
0.6655	0.0271027	48.752
0.5343	-0.235958	48.7921
0.4505	-0.289367	48.8487
0.3265	0.0309337	48.8553
0.1526	0.194717	48.8477
0.0149	-0.0621126	48.8824
-0.2035	0.405687	48.8925
-0.3575	-0.0290417	48.9246
-0.581	0.454308	48.8408
-0.7259	-0.0108688	48.8642
-0.7677	-0.274828	48.7726
-0.6946	-0.52698	48.7966
-0.6225	-0.240498	48.7614
-0.5313	-0.316864	48.6043
-0.4846	-0.0833226	48.5986
-0.4418	-0.174216	48.5921
-0.4267	-0.0725909	48.6527
-0.4388	-0.0174776	48.7065
-0.4615	-0.035335	48.7485
-0.5095	0.054683	48.8098
-0.5355	-0.0965222	48.8715
-0.5534	-0.079347	48.9076
-0.578	-0.0204256	48.9439
-0.6287	0.0908843	49.0015
-0.6703	-0.00133573	49.0415
-0.714	0.0350133	49.0736
-0.7839	0.161272	49.1319
-0.8325	0.0185469	49.1703
-0.8987	0.156107	49.2041
-0.9385	0.0143466	49.2415
-0.9547	-0.0222409	49.2685
-0.8547	-0.482076	49.3256
-0.7213	-0.369351	49.3823
-0.6381	-0.0622031	49.3009
-0.539	-0.258294	49.236
-0.4864	-0.0355805	49.2691
-0.4321	-0.159249	49.2943
-0.4026	-0.0602637	49.3504
-0.3981	-0.0100541	49.4011
-0.4177	0.035888	49.4597
-0.4414	-0.00252837	49.4976
-0.4708	0.0146831	49.5322
-0.5055	0.0313859	49.5693
-0.5656	0.141389	49.6246
-0.6093	0.0192744	49.6608
-0.6716	0.148086	49.6958
-0.7108	0.016392	49.7312
-0.7603	0.124572	49.7696
-0.7872	0.01413	49.8052
-0.8151	0.0786013	49.8508
-0.8258	0.0108175	49.8868
-0.8296	0.0255257	49.9217
-0.8242	0.00730931	49.9765
-0.8134	0.00826916	50.0127
-0.7872	-0.0459088	50.0669
-0.7496	-0.0620046	50.1206
-0.704	-0.0725724	50.1723
-0.671	-3.60691e-05	50.206
-0.6203	-0.112198	50.2559
-0.585	-0.0100482	50.2901
-0.5295	-0.139451	50.3353
-0.49	-0.0303361	50.3689
-0.437	-0.131463	50.4101
-0.4059	-0.0113918	50.4436
-0.3688	-0.0924815	50.4874
-0.3494	-0.00770628	50.5202
-0.3347	-0.0298432	50.5524
-0.3192	-0.049519	50.602
-0.3127	-0.00973359	50.6354
-0.3097	-0.0151705	50.6686
-0.3102	-0.00873105	50.7181
-0.3133	-0.00478564	50.7511
-0.3214	0.0127634	50.8002
-0.3286	-0.00097739	50.8327
-0.3403	0.0231583	50.8807
-0.3484	-0.000235018	50.9129
-0.3595	0.0238844	50.9601
-0.3659	-0.000453624	50.992
-0.3728	0.015004	51.0388
-0.3755	-0.00165483	51.0705
-0.3761	0.00065809	51.1174
-0.3742	-0.00337431	51.1486
-0.3719	0.00224651	51.1954
-0.4404	0.32593	51.2419
-0.567	0.436742	51.2726
-0.7351	0.499977	51.2107
-0.8577	0.217622	51.0999
-0.9051	0.00162758	51.013
-0.9286	0.0917627	51.0428
-0.9188	0.0204941	51.0732
-0.8711	-0.0651517	51.1223
-1.0022	0.837028	51.1721
-1.1838	0.679483	51.2133
-1.3189	0.353857	50.967
-1.3708	0.104513	50.7821
-1.4023	0.231981	50.7301
-1.3765	0.0483724	50.7829
-1.3254	0.0748411	50.8008
-1.2044	-0.175615	50.854
-1.0352	-0.241484	50.9037
-0.9862	0.403763	50.9179
-1.1515	1.09642	50.9159
-1.3678	0.833733	50.775
-1.5294	0.46762	50.5065
-1.6265	0.327514	50.1853
-1.639	0.130489	50.0385
-1.7386	0.747867	50.0377
-1.9433	1.06155	50.0803
-2.1854	1.0132	49.8574
-2.3201	0.469946	49.5656
-2.3444	0.248624	49.3483
-2.2838	0.158347	49.285
-2.118	-0.097844	49.3567
-2.0006	0.365614	49.4057
-2.0318	0.932375	49.4435
-2.0716	0.625502	49.4059
-2.051	0.316922	49.1357
-1.9242	-0.0222715	48.9119
-1.6965	-0.234185	48.9378
-1.3933	-0.353301	48.9994
-1.0449	-0.41079	48.9915
-0.6785	-0.431474	48.9383
-0.4226	0.0554071	48.8851
-0.3105	0.403416	48.8533
-0.145	-0.220691	48.8598
0.0371	-0.230243	48.7241
0.2231	-0.235526	48.7376
0.3949	-0.194257	48.7715
0.5455	-0.164823	48.8095
0.5973	0.199874	48.861
0.5426	0.43273	48.9183
0.4795	0.207503	48.9011
0.4331	0.0997583	48.7803
0.4117	0.0296163	48.7977
0.4096	0.00673226	48.8357
0.4206	-0.00304466	48.8972
0.4148	0.1047	48.9582
0.39	0.153571	48.9986
0.3646	0.11154	49.0687
0.3738	-0.0473473	49.1114
0.3949	-0.0230125	49.1468
0.4411	-0.10754	49.2021
0.5011	-0.118321	49.2603
0.5459	-0.024873	49.2931
0.6144	-0.175884	49.342
0.6851	-0.147804	49.3984
0.7506	-0.130656	49.4365
0.7877	-0.0286105	49.4684
0.8323	-0.140856	49.5199
0.8663	-0.0922164	49.575
0.8811	-0.0389238	49.6079
0.8839	-0.038038	49.663
0.8706	-0.00114015	49.7193
0.8461	0.00817549	49.7754
0.813	0.0188268	49.83
0.7741	0.0255874	49.8842
0.7461	-0.0349687	49.92
0.7032	0.0597049	49.9732
0.6579	0.0428645	50.0268
0.6141	0.0338086	50.0759
0.5877	-0.0362405	50.1101
0.5527	0.0470425	50.1622
0.5111	0.0646236	50.2309
0.5146	-0.151028	50.2805
0.5539	-0.210676	50.3285
0.596	-0.139529	50.3479
0.6487	-0.183585	50.3615
0.6867	-0.103086	50.4027
0.7057	-0.059339	50.4377
0.7073	-0.0343213	50.4704
0.6959	-0.0234036	50.5219
0.6802	-0.0388144	50.556
0.6461	0.0321039	50.6065
0.6	0.0459924	50.6567
0.5463	0.0549334	50.7035
0.5086	-0.0301121	50.7339
0.4525	0.0948452	50.7792
0.3952	0.068685	50.827
0.3416	0.055158	50.8666
0.2966	0.033321	50.9111
0.2614	0.0173556	50.9575
0.2362	0.00263841	51.005
0.2209	-0.0126429	51.0529
0.2158	-0.031286	51.0846
0.2285	-0.0856422	51.1317
0.3368	-0.478403	51.1781
0.5614	-0.798013	51.2198
0.701	-0.162971	51.1347
0.8742	-0.521769	50.8872
1.008	-0.314249	50.8949
1.0885	-0.189628	50.782
1.1065	-0.0588775	50.7967
1.0681	0.0305193	50.8492
0.9828	0.100049	50.901
0.9567	-0.279086	50.9424
1.0783	-0.817819	50.9695
1.1778	-0.384352	50.9469
1.2208	-0.174105	50.7026
1.2125	-0.0897506	50.6392
1.1531	0.00654765	50.6873
1.0457	0.0994621	50.7408
0.9006	0.162588	50.7873
0.7315	0.196273	50.8183
0.5525	0.205677	50.8372
0.434	-0.0655845	50.8469
0.2656	0.322677	50.8647
0.1144	0.169132	50.8956
0.3595	-1.56872	50.8598
0.9041	-2.03477	50.8937
1.46	-1.4068	50.6723
1.9994	-1.35202	50.3329
2.3421	-0.601341	50.114
2.8195	-1.75496	49.8008
3.2374	-1.30601	49.5852
3.4746	-0.695708	49.4222
3.7553	-1.38885	49.1067
3.9313	-0.914253	48.9096
3.9823	-0.637744	48.7349
3.9492	-0.596664	48.4775
3.7832	-0.227193	48.4296
3.4971	0.00204672	48.4067
3.2544	-0.465203	48.4674
2.8163	0.532638	48.5319
2.3701	0.185967	48.4619
2.0695	-0.455201	48.3324
1.9775	-1.01211	48.3102
1.9567	-0.803227	48.1775
1.8576	-0.239896	47.9132
1.7422	-0.322065	47.6988
1.5046	0.195483	47.7279
1.1927	0.278601	47.7588
0.9557	-0.206334	47.7535
0.5825	0.614175	47.7147
0.1784	0.51402	47.7258
-0.2353	0.535353	47.5475
-0.6254	0.477153	47.4001
-0.8633	-0.0834323	47.3281
-1.1774	0.675648	47.279
-1.4591	0.442408	47.2855
-1.6915	0.342218	47.114
-1.8079	-0.0114928	47.0929
-1.9241	0.301238	47.138
-1.824	-0.627028	47.1976
-1.5529	-0.90106	47.2309
-1.2469	-0.658155	47.0909
-1.0377	-0.153218	46.9544
-0.7337	-0.838749	46.713
-0.4407	-0.637547	46.7551
-0.1759	-0.572862	46.5564
-0.028	-0.15974	46.4355
0.1403	-0.562718	46.3521
0.2558	-0.330601	46.427
0.3352	-0.312721	46.3819
0.5486	-1.0327	46.4425
0.7721	-0.811805	46.5106
0.914	-0.437711	46.2637
0.9532	-0.191339	46.0999
0.9504	-0.270507	46.1182
0.8444	0.0740503	46.2476
0.7437	-0.187232	46.2996
0.552	0.233758	46.3476
0.3121	0.270767	46.4117
0.1343	-0.0983436	46.4089
-0.1386	0.502762	46.3978
-0.4264	0.408889	46.4485
-0.7088	0.387975	46.3363
-0.9606	0.314041	46.2918
-1.1716	0.253637	46.2913
-1.3361	0.18985	46.3378
-1.3603	-0.291884	46.3828
-1.1793	-0.871335	46.4606
-0.9466	-0.622049	46.4098
-0.7146	-0.49506	46.2137
-0.5021	-0.436249	46.007
-0.3271	-0.349897	45.9188
-0.1996	-0.258984	45.9091
-0.1426	-0.0826975	45.9403
-0.0964	-0.220803	46.016
-0.0894	-0.0914564	46.0968
-0.1226	-0.00615514	46.1687
-0.1933	0.0677124	46.2504
-0.2924	0.11352	46.3256
-0.4096	0.140399	46.3897
-0.5351	0.152895	46.4475
-0.6603	0.153775	46.5042
-0.7779	0.144387	46.5626
-0.8473	-0.0311023	46.6245
-0.7824	-0.508491	46.6683
-0.5992	-0.727225	46.7367
-0.4265	-0.405249	46.6095
-0.2883	-0.279674	46.4093
-0.1955	-0.180583	46.3654
-0.148	-0.106184	46.42
-0.1419	-0.0434613	46.4974
-0.1582	-0.0500517	46.5509
-0.2074	0.0410604	46.6274
-0.2831	0.0884771	46.7037
-0.3777	0.120163	46.7715
-0.4821	0.133611	46.8328
-0.5882	0.135678	46.891
-0.689	0.12778	46.95
-0.7791	0.113053	47.0116
-0.831	-0.0138672	47.0546
-0.8298	-0.149193	47.1222
-0.7064	-0.56746	47.1913
-0.6228	-0.107441	47.2194
-0.5151	-0.299978	47.0735
-0.4272	-0.177372	47.124
-0.3647	-0.119932	47.1415
-0.3394	-0.0253222	47.1829
-0.3224	-0.0845147	47.2546
-0.3301	-0.00177963	47.3484
-0.3302	-0.094286	47.3951
-0.2308	-0.531499	47.4641
-0.1339	-0.301564	47.5305
-0.074	-0.138131	47.4014
-0.0618	-0.0193278	47.418
-0.0764	-0.0198595	47.4648
-0.1226	0.0532835	47.5332
-0.1929	0.0910598	47.6021
-0.2683	0.0646195	47.663
-0.2837	-0.209563	47.7194
-0.2985	-0.0676392	47.7824
-0.3157	-0.0398448	47.7948
-0.3536	0.053924	47.8563
-0.4026	0.0634449	47.9228
-0.4567	0.0670954	47.9852
-0.4929	-0.0166712	48.0263
-0.4797	-0.19089	48.0883
-0.4131	-0.313558	48.1528
-0.3558	-0.146181	48.1822
-0.3234	-0.0536115	48.1664
-0.3172	0.000463324	48.2225
-0.3308	0.0233655	48.2882
-0.3588	0.0401597	48.3511
-0.3964	0.0520047	48.4122
-0.4248	-0.00697208	48.4522
-0.469	0.091384	48.5115
-0.5155	0.076203	48.574
-0.5453	0.00283551	48.6104
-0.5554	-0.0399763	48.6678
-0.4943	-0.309204	48.7294
-0.4309	-0.15675	48.7892
-0.3955	-0.0205445	48.7695
-0.3567	-0.105922	48.8114
-0.3373	-0.021208	48.8513
-0.3189	-0.0648122	48.9089
-0.3117	-0.0224217	48.9693
-0.2897	-0.116801	49.0091
-0.1983	-0.401983	49.0692
-0.1431	-0.0873771	49.1044
-0.0809	-0.201126	49.0179
-0.0742	0.0498224	49.0528
-0.0926	0.0321778	49.1013
-0.135	0.0747845	49.1468
-0.1922	0.0879395	49.2
-0.2357	-0.00278553	49.2327
-0.3035	0.145789	49.2811
-0.3747	0.120127	49.3381
-0.4204	0.0068146	49.3638
-0.4807	0.142693	49.4103
-0.5316	0.0836332	49.4666
-0.53	-0.123074	49.4952
-0.4802	-0.214163	49.5486
-0.4433	-0.0388515	49.5722
-0.3953	-0.114914	49.5808
-0.3536	-0.0693771	49.6342
-0.3191	-0.0562229	49.6839
-0.2934	-0.0397762	49.7387
-0.2752	-0.0318641	49.794
-0.2067	-0.282127	49.8493
-0.1235	-0.243612	49.9042
-0.0608	-0.121532	49.8966
-0.0291	-0.0374788	49.9167
-0.0262	0.010184	49.9691
-0.0461	0.0386648	50.0238
-0.0828	0.0587568	50.075
-0.1305	0.07126	50.1238
-0.1838	0.076532	50.1712
-0.22	-0.0059134	50.2025
-0.2719	0.112248	50.2496
-0.3219	0.0805786	50.3009
-0.3647	0.0603541	50.3427
-0.3958	0.0339764	50.3903
-0.4144	0.0137817	50.4403
-0.4199	-0.00857436	50.4744
-0.4281	0.0399433	50.5256
-0.3303	-0.441495	50.5763
-0.2291	-0.223629	50.6254
-0.1388	-0.163966	50.5096
-0.0727	-0.0943023	50.5219
-0.0412	-0.00885254	50.5498
-0.0107	-0.0969495	50.6002
0.0044	-0.0423343	50.6483
0.0034	-0.00941727	50.6963
0.0245	-0.150697	50.7463
0.0304	-0.0368904	50.7789
0.0516	-0.139525	50.815
0.0557	-0.0325636	50.8471
0.0448	-0.00322248	50.8864
0.0157	0.0426548	50.9347
-0.0267	0.0622257	50.9823
-0.0597	-0.00753719	51.0116
-0.1117	0.104548	51.0534
-0.1667	0.0850875	51.1
-0.2024	-0.0020475	51.1242
-0.2499	0.103879	51.1647
-0.2919	0.0646494	51.2105
-0.315	-0.000980812	51.2359
-0.3375	0.0475362	51.2794
-0.3184	-0.130503	51.3252
-0.2888	-0.081667	51.3548
-0.2436	-0.124027	51.3827
-0.201	-0.080283	51.4231
-0.1647	-0.0619618	51.4591
-0.1452	-0.00718579	51.4875
-0.1222	-0.0672608	51.5316
-0.1048	-0.0408546	51.5752
-0.0966	-0.0148877	51.6039
-0.0902	-0.0307592	51.6477
-0.0892	-0.0132745	51.6913
-0.0913	-0.0123541	51.7202
-0.0971	-0.00325382	51.7633
-0.0267	-0.356995	51.8062
0.0446	-0.194741	51.8346
0.131	-0.260133	51.7656
0.1873	-0.103368	51.7853
0.2088	-0.0251152	51.7929
0.1969	0.0335586	51.8353
0.1588	0.0676625	51.8778
0.1224	-0.00250808	51.9023
0.0259	0.275024	51.9344
-0.0858	0.219843	51.975
-0.1907	0.16291	51.9383
-0.2749	0.101873	51.9407
-0.3177	-0.0188922	51.9589
-0.3628	0.103022	51.9983
-0.3901	0.0351454	52.0366
-0.3975	-0.0060984	52.0727
-0.384	-0.047433	52.1142
-0.3651	-0.0194274	52.1415
-0.2846	-0.28398	52.1799
-0.1539	-0.378766	52.2199
-0.0677	-0.070221	52.1985
0.0408	-0.282196	52.124
0.1008	-0.037917	52.1438
0.1666	-0.187186	52.1433
0.1957	-0.0292109	52.167
0.2154	-0.0793567	52.1971
0.2099	0.00106819	52.2362
0.1938	-0.0126519	52.2631
0.1545	0.0647647	52.3013
0.1197	-0.0061569	52.3274
0.0605	0.116682	52.3591
-0.006	0.103572	52.3973
-0.0725	0.094278	52.4216
-0.1319	0.0731992	52.4511
-0.1656	-0.0149391	52.4728
-0.197	0.0438868	52.5087
-0.1765	-0.174335	52.5457
-0.127	-0.185411	52.5828
-0.093	-0.0452111	52.586
-0.0506	-0.119686	52.5923
-0.0162	-0.073867	52.6281
0.0016	-0.0225515	52.6488
0.0195	-0.0671457	52.6849
0.0306	-0.0428818	52.7343
0.0305	-0.0106475	52.7583
0.023	-0.00502722	52.7949
0.0085	0.00826938	52.8313
-0.011	0.0154872	52.8673
-0.0337	0.0204309	52.9028
-0.0495	-0.0150977	52.9261
-0.0728	0.0377556	52.9609
-0.0881	-0.0103079	52.9844
-0.1034	0.0105277	53.0179
-0.0717	-0.197988	53.0528
-0.0359	-0.110958	53.0759
0.0095	-0.142352	53.075
0.0416	-0.0664106	53.1021
0.0544	-0.0146079	53.1186
0.0618	-0.040868	53.1523
0.0603	-0.0188618	53.175
0.049	0.00321825	53.2093
0.0281	0.0237006	53.2433
0.0101	-0.0103682	53.2653
-0.0202	0.0536669	53.2973
-0.0539	0.0462159	53.3304
-0.0875	0.0419767	53.3598
-0.1078	-0.0122596	53.3801
-0.1339	0.049771	53.4113
-0.1365	-0.0625378	53.4436
