Kp:	0.1	Ki:	0	Kd:	0.4
cte	steer_value
0.76	-0.38	0
0.76	-0.076	0
0.7598	-0.0759	0.0786
0.7597	-0.07593	0.1071
0.7595	-0.07587	0.2534
0.7593	-0.07585	0.2512
0.7591	-0.07583	0.3642
0.7588	-0.07576	0.4428
0.7585	-0.07573	0.486
0.7581	-0.07565	0.5868
0.7576	-0.07556	0.6315
0.7573	-0.07561	0.7131
0.7568	-0.07548	0.7036
0.7562	-0.07538	0.7786
0.7556	-0.07532	0.8843
0.7549	-0.07521	0.9658
0.7542	-0.07514	1.0082
0.7534	-0.07502	1.0589
0.7529	-0.07509	1.1223
0.752	-0.07484	1.1733
0.751	-0.0747	1.2622
0.75	-0.0746	1.3155
0.7489	-0.07445	1.3787
0.7478	-0.07434	1.4545
0.7466	-0.07418	1.4994
0.7458	-0.07426	1.5648
0.7445	-0.07393	1.6346
0.7432	-0.0738	1.6985
0.7418	-0.07362	1.7268
0.7403	-0.07343	1.7968
0.7387	-0.07323	1.8737
0.7377	-0.07337	1.8976
0.7361	-0.07297	1.937
0.7344	-0.07276	1.9988
0.7326	-0.07254	2.0505
0.7307	-0.07231	2.1129
0.7294	-0.07242	2.1529
0.7274	-0.07194	2.2121
0.7253	-0.07169	2.2689
0.7238	-0.07178	2.3079
0.7216	-0.07128	2.3662
0.7193	-0.07101	2.4292
0.7169	-0.07073	2.4853
0.7152	-0.07084	2.5249
0.7127	-0.07027	2.5859
0.7091	-0.06947	2.6742
0.7063	-0.06951	2.7271
0.7044	-0.06968	2.7668
0.7015	-0.06899	2.8348
0.6984	-0.0686	2.8757
0.6952	-0.06824	2.9446
0.6931	-0.06847	2.9809
0.6898	-0.06766	3.0275
0.6875	-0.06783	3.0651
0.684	-0.067	3.1234
0.6803	-0.06655	3.1861
0.6779	-0.06683	3.2247
0.674	-0.06584	3.2658
0.6714	-0.0661	3.3175
0.6674	-0.06514	3.3853
0.6646	-0.06534	3.4223
0.6604	-0.06436	3.4426
0.6561	-0.06389	3.5277
0.6517	-0.06341	3.5473
0.6471	-0.06287	3.629
0.644	-0.06316	3.6623
0.6392	-0.062	3.6849
0.6343	-0.06147	3.7613
0.6313	-0.06193	3.7942
0.6274	-0.06118	3.8207
0.6252	-0.06164	3.8544
0.6228	-0.06132	3.9241
0.6218	-0.06178	3.9553
0.6229	-0.06273	4.0184
0.6224	-0.06204	4.0581
0.6168	-0.05944	4.0916
0.6141	-0.06033	4.1238
0.6107	-0.05971	4.1714
0.609	-0.06022	4.2028
0.6069	-0.05985	4.2498
0.6058	-0.06014	4.281
0.6045	-0.05993	4.3275
0.6036	-0.06	4.3737
0.6029	-0.06001	4.4196
0.6026	-0.06014	4.45
0.6023	-0.06011	4.4955
0.6021	-0.06013	4.5256
0.6019	-0.06011	4.5556
0.6016	-0.06004	4.6004
0.6013	-0.06001	4.6301
0.6009	-0.05993	4.6597
0.6003	-0.05979	4.7039
0.5998	-0.05978	4.7332
0.5993	-0.05973	4.7623
0.5985	-0.05953	4.8059
0.5975	-0.05935	4.8491
0.5964	-0.0592	4.8921
0.5956	-0.05924	4.9206
0.5943	-0.05891	4.9631
0.5934	-0.05898	4.9914
0.5919	-0.05859	5.0335
0.5903	-0.05839	5.0753
0.5892	-0.05848	5.1031
0.5873	-0.05797	5.1445
0.5861	-0.05813	5.172
0.584	-0.05756	5.213
0.5826	-0.0577	5.2401
0.5804	-0.05716	5.2807
0.578	-0.05684	5.321
0.5763	-0.05695	5.3478
0.5737	-0.05633	5.3877
0.5719	-0.05647	5.4141
0.5691	-0.05579	5.4536
0.5671	-0.05591	5.4798
0.5651	-0.05571	5.5059
0.5619	-0.05491	5.5448
0.5598	-0.05514	5.5706
0.5564	-0.05428	5.6092
0.554	-0.05444	5.6347
0.5516	-0.0542	5.6602
0.5479	-0.05331	5.6981
0.5453	-0.05349	5.7233
0.5427	-0.05323	5.7484
0.5387	-0.05227	5.7858
0.5359	-0.05247	5.8106
0.5316	-0.05144	5.8477
0.5287	-0.05171	5.8723
0.5242	-0.05062	5.9089
0.5195	-0.05007	5.9453
0.5163	-0.05035	5.9695
0.5114	-0.04918	6.0056
0.5063	-0.04859	6.0414
0.5029	-0.04893	6.0652
0.4976	-0.04764	6.1006
0.4922	-0.04706	6.1359
0.4885	-0.04737	6.1592
0.4829	-0.04605	6.1941
0.4771	-0.04539	6.2288
0.4732	-0.04576	6.2518
0.4672	-0.04432	6.2861
0.4631	-0.04467	6.3088
0.4569	-0.04321	6.3428
0.4505	-0.04249	6.3765
0.4462	-0.0429	6.3989
0.4397	-0.04137	6.4323
0.433	-0.04062	6.4655
0.4262	-0.0399	6.4985
0.4192	-0.03912	6.5313
0.4146	-0.03962	6.553
0.4075	-0.03791	6.5855
0.4027	-0.03835	6.607
0.3954	-0.03662	6.6391
0.3904	-0.03704	6.6604
0.383	-0.03534	6.6922
0.3754	-0.0345	6.7237
0.3677	-0.03369	6.7551
0.3626	-0.03422	6.7759
0.3547	-0.03231	6.807
0.3495	-0.03287	6.8276
0.3415	-0.03095	6.8583
0.3335	-0.03015	6.8889
0.3253	-0.02925	6.9192
0.3199	-0.02983	6.9394
0.3144	-0.02924	6.9594
0.3061	-0.02729	6.9894
0.3005	-0.02781	7.0092
0.2921	-0.02585	7.0388
0.2836	-0.02496	7.0682
0.278	-0.02556	7.0878
0.2694	-0.0235	7.1169
0.2608	-0.02264	7.1458
0.2551	-0.02323	7.165
0.2464	-0.02116	7.1937
0.2378	-0.02034	7.2222
0.2291	-0.01943	7.2504
0.2232	-0.01996	7.2692
0.2145	-0.01797	7.2972
0.2087	-0.01855	7.3158
0.2	-0.01652	7.3435
0.1912	-0.0156	7.371
0.1854	-0.01622	7.3893
0.1767	-0.01419	7.4166
0.168	-0.01332	7.4436
0.1621	-0.01385	7.4616
0.1535	-0.01191	7.4884
0.1448	-0.011	7.5151
0.1391	-0.01163	7.5327
0.1305	-0.00961	7.5591
0.1219	-0.00875	7.5853
0.1162	-0.00934	7.6027
0.1078	-0.00742	7.6286
0.1022	-0.00798	7.6458
0.0938	-0.00602	7.6715
0.0855	-0.00523	7.697
0.0773	-0.00445	7.7223
0.0719	-0.00503	7.7391
0.0639	-0.00319	7.7642
0.0585	-0.00369	7.7808
0.0506	-0.0019	7.8057
0.0454	-0.00246	7.8221
0.0377	-0.00069	7.8467
0.0301	3e-05	7.8711
0.025	-0.00046	7.8873
0.0176	0.0012	7.9115
0.0103	0.00189	7.9355
0.0032	0.00252	7.9594
-0.0015	0.00203	7.9752
-0.0084	0.0036	7.9988
-0.0152	0.00424	8.0223
-0.0197	0.00377	8.0379
-0.0262	0.00522	8.0611
-0.0304	0.00472	8.0765
-0.0367	0.00619	8.0995
-0.0427	0.00667	8.1223
-0.0467	0.00627	8.1375
-0.0525	0.00757	8.1601
-0.0561	0.00705	8.1751
-0.0606	0.00786	8.1975
-0.0637	0.00761	8.2197
-0.0655	0.00727	8.2418
-0.066	0.0068	8.2638
-0.0659	0.00655	8.2784
-0.0641	0.00569	8.3001
-0.061	0.00486	8.3218
-0.0583	0.00475	8.3361
-0.0532	0.00328	8.3575
-0.0468	0.00212	8.3787
-0.0395	0.00103	8.3999
-0.0321	0.00025	8.4209
-0.0271	0.00071	8.4348
-0.0195	-0.00109	8.4556
-0.0118	-0.0019	8.4762
-0.0039	-0.00277	8.4968
0.0041	-0.00361	8.5172
0.0121	-0.00441	8.5374
0.0175	-0.00391	8.5509
0.0257	-0.00585	8.571
0.0341	-0.00677	8.5909
0.0396	-0.00616	8.6041
0.0481	-0.00821	8.6238
0.0566	-0.00906	8.6435
0.0652	-0.00996	8.6629
0.0709	-0.00937	8.6759
0.0795	-0.01139	8.6952
0.0853	-0.01085	8.7079
0.0941	-0.01293	8.727
0.0999	-0.01231	8.7397
0.1087	-0.01439	8.7586
0.1175	-0.01527	8.7773
0.1233	-0.01465	8.7898
0.1321	-0.01673	8.8084
0.1409	-0.01761	8.8268
0.1497	-0.01849	8.8452
0.1585	-0.01937	8.8634
0.1643	-0.01875	8.8755
0.1731	-0.02083	8.8936
0.1817	-0.02161	8.9115
0.1904	-0.02252	8.9293
0.1961	-0.02189	8.9411
0.2047	-0.02391	8.9588
0.2131	-0.02467	8.9763
0.2216	-0.02556	8.9937
0.2299	-0.02631	9.011
0.2354	-0.02574	9.0225
0.2435	-0.02759	9.0396
0.2516	-0.0284	9.0567
0.2596	-0.02916	9.0736
0.2674	-0.02986	9.0904
0.2726	-0.02934	9.1016
0.2777	-0.02981	9.1127
0.2853	-0.03157	9.1292
0.2927	-0.03223	9.1457
0.2976	-0.03172	9.1566
0.3048	-0.03336	9.1729
0.3095	-0.03283	9.1837
0.3164	-0.0344	9.1999
0.3231	-0.03499	9.2159
0.3276	-0.03456	9.2266
0.334	-0.03596	9.2424
0.3382	-0.0355	9.253
0.3444	-0.03692	9.2686
0.3503	-0.03739	9.2843
0.3561	-0.03793	9.2998
0.3599	-0.03751	9.31
0.3653	-0.03869	9.3254
0.3688	-0.03828	9.3356
0.3739	-0.03943	9.3508
0.3788	-0.03984	9.3658
0.3834	-0.04018	9.3808
0.3864	-0.03984	9.3908
0.3906	-0.04074	9.4057
0.3947	-0.04111	9.4204
0.3985	-0.04137	9.4351
0.4009	-0.04105	9.4448
0.4043	-0.04179	9.4593
0.4064	-0.04148	9.469
0.4094	-0.04214	9.4833
0.4122	-0.04234	9.4976
0.4147	-0.04247	9.5118
0.4169	-0.04257	9.5259
0.4189	-0.04269	9.5399
0.4206	-0.04274	9.5538
0.4221	-0.04281	9.5677
0.423	-0.04266	9.5768
0.424	-0.0428	9.5905
0.4248	-0.0428	9.6041
0.4253	-0.04273	9.6132
0.4256	-0.04268	9.6266
0.4258	-0.04266	9.64
0.4256	-0.04248	9.6533
0.4252	-0.04236	9.6666
0.4246	-0.04222	9.6797
0.4237	-0.04201	9.6928
0.4226	-0.04182	9.7058
0.4217	-0.04181	9.7144
0.4201	-0.04137	9.7272
0.4183	-0.04111	9.74
0.4167	-0.04103	9.7527
0.4163	-0.04147	9.7653
0.4167	-0.04183	9.7736
0.4184	-0.04252	9.7861
0.4225	-0.04389	9.7985
0.4243	-0.04315	9.8067
0.4287	-0.04463	9.819
0.435	-0.04602	9.8312
0.4428	-0.0474	9.8433
0.4511	-0.04843	9.8553
0.4565	-0.04781	9.8633
0.4642	-0.0495	9.8752
0.4716	-0.05012	9.8871
0.4786	-0.05066	9.8988
0.4852	-0.05116	9.9105
0.4894	-0.05062	9.9182
0.4954	-0.05194	9.9298
0.501	-0.05234	9.9413
0.5045	-0.05185	9.949
0.5095	-0.05295	9.9603
0.5141	-0.05325	9.9717
0.5182	-0.05346	9.9829
0.5208	-0.05312	9.9903
0.5243	-0.05383	10.0015
0.5274	-0.05398	10.0125
0.5292	-0.05364	10.0199
0.5316	-0.05412	10.0308
0.5337	-0.05421	10.0417
0.5348	-0.05392	10.0489
0.5361	-0.05413	10.0597
0.537	-0.05406	10.0704
0.5374	-0.0539	10.0775
0.5377	-0.05389	10.0881
0.5375	-0.05367	10.0986
0.5369	-0.05345	10.1091
0.5363	-0.05339	10.116
0.5351	-0.05303	10.1264
0.534	-0.05296	10.1332
0.5321	-0.05245	10.1435
0.5298	-0.05206	10.1537
0.5281	-0.05213	10.1605
0.5252	-0.05136	10.1706
0.5219	-0.05087	10.1806
0.5182	-0.05034	10.1906
0.5141	-0.04977	10.2005
0.5097	-0.04921	10.2103
0.5066	-0.04942	10.2168
0.5016	-0.04816	10.2266
0.4963	-0.04751	10.2362
0.4906	-0.04678	10.2459
0.4846	-0.04606	10.2554
0.4804	-0.04636	10.2618
0.4739	-0.04479	10.2713
0.4671	-0.04399	10.2806
0.4624	-0.04436	10.2869
0.4551	-0.04259	10.2962
0.4475	-0.04171	10.3054
0.4396	-0.0408	10.3146
0.4342	-0.04126	10.3207
0.4259	-0.03927	10.3298
0.4174	-0.03834	10.3389
0.4116	-0.03884	10.3449
0.4027	-0.03671	10.3538
0.3936	-0.03572	10.3627
0.3874	-0.03626	10.3686
0.378	-0.03404	10.3774
0.3684	-0.033	10.3862
0.3619	-0.03359	10.392
0.3521	-0.03129	10.4006
0.342	-0.03016	10.4092
0.3353	-0.03085	10.4149
0.3217	-0.02673	10.4263
0.3148	-0.02872	10.4319
0.3044	-0.02628	10.4403
0.2974	-0.02694	10.4459
0.2868	-0.02444	10.4542
0.2762	-0.02338	10.4624
0.2655	-0.02227	10.4707
0.2584	-0.023	10.4761
0.2477	-0.02049	10.4842
0.237	-0.01942	10.4923
0.23	-0.0202	10.4977
0.2213	-0.01865	10.5057
0.2147	-0.01883	10.5136
0.2103	-0.01927	10.5215
0.2076	-0.01968	10.5267
0.206	-0.01996	10.5346
0.2063	-0.02075	10.5423
0.2084	-0.02168	10.55
0.2106	-0.02194	10.5552
0.2137	-0.02261	10.5628
0.2168	-0.02292	10.5704
0.2198	-0.02318	10.5779
0.2228	-0.02348	10.5854
0.2256	-0.02368	10.5929
0.2283	-0.02391	10.6003
0.2301	-0.02373	10.6052
0.2327	-0.02431	10.6125
0.2352	-0.02452	10.6198
0.2377	-0.02477	10.627
0.2392	-0.02452	10.6318
0.2415	-0.02507	10.639
0.2437	-0.02525	10.6461
0.2457	-0.02537	10.6532
0.2477	-0.02557	10.6602
0.2489	-0.02537	10.6649
0.2507	-0.02579	10.6718
0.2524	-0.02592	10.6787
0.2534	-0.02574	10.6833
0.2554	-0.02634	10.6924
0.2567	-0.02619	10.6992
0.2575	-0.02607	10.7037
0.2587	-0.02635	10.7105
0.2597	-0.02637	10.7171
0.2606	-0.02642	10.7238
0.2614	-0.02646	10.7303
0.2619	-0.02639	10.7347
0.2625	-0.02649	10.7412
0.263	-0.0265	10.7477
0.2633	-0.02645	10.752
0.2636	-0.02648	10.7584
0.2637	-0.02641	10.7627
0.2638	-0.02642	10.769
0.2638	-0.02638	10.7754
0.2637	-0.02633	10.7816
0.2636	-0.02632	10.7858
0.2633	-0.02621	10.792
0.263	-0.02618	10.7961
0.2625	-0.02605	10.8023
0.2619	-0.02595	10.8084
0.2612	-0.02584	10.8145
0.2607	-0.02587	10.8185
0.2598	-0.02562	10.8245
0.2588	-0.02548	10.8304
0.2577	-0.02533	10.8364
0.257	-0.02542	10.8403
0.2557	-0.02505	10.8462
0.2544	-0.02492	10.852
0.2534	-0.02494	10.8559
0.2519	-0.02459	10.8617
0.2503	-0.02439	10.8674
0.2487	-0.02423	10.8731
0.2469	-0.02397	10.8788
0.2457	-0.02409	10.8825
0.2438	-0.02362	10.8881
0.2419	-0.02343	10.8937
0.2405	-0.02349	10.8974
0.2384	-0.023	10.9029
0.2363	-0.02279	10.9084
0.2341	-0.02253	10.9139
0.2326	-0.02266	10.9175
0.2302	-0.02206	10.9229
0.2287	-0.02227	10.9264
0.2263	-0.02167	10.9318
0.2246	-0.02178	10.9353
0.2221	-0.02121	10.9406
0.2196	-0.02096	10.9458
0.217	-0.02066	10.9511
0.2144	-0.0204	10.9562
0.2118	-0.02014	10.9614
0.2104	-0.02048	10.9648
0.2101	-0.02089	10.9699
0.2124	-0.02216	10.975
0.2165	-0.02329	10.98
0.2206	-0.0237	10.985
0.2247	-0.02411	10.9883
0.2325	-0.02637	10.9933
0.2419	-0.02795	10.9982
0.2524	-0.02944	11.0031
0.2593	-0.02869	11.0063
0.2695	-0.03103	11.0111
0.2795	-0.03195	11.0159
0.2892	-0.0328	11.0207
0.2956	-0.03212	11.0239
0.3019	-0.03271	11.027
0.311	-0.03474	11.0317
0.32	-0.0356	11.0364
0.3259	-0.03495	11.0395
0.3372	-0.03824	11.0457
0.3426	-0.03642	11.0487
0.3505	-0.03821	11.0533
0.3582	-0.0389	11.0578
0.3655	-0.03947	11.0624
0.3726	-0.0401	11.0669
0.3771	-0.03951	11.0698
0.3835	-0.04091	11.0743
0.3897	-0.04145	11.0787
0.3955	-0.04187	11.0831
0.401	-0.0423	11.0874
0.4044	-0.0418	11.0903
0.4093	-0.04289	11.0946
0.4139	-0.04323	11.0989
0.4167	-0.04279	11.1017
0.4207	-0.04367	11.106
0.4243	-0.04387	11.1102
0.4264	-0.04348	11.113
0.4294	-0.04414	11.1172
0.432	-0.04424	11.1213
0.4343	-0.04435	11.1255
0.4361	-0.04433	11.1296
0.4372	-0.04416	11.1323
0.4384	-0.04432	11.1363
0.4393	-0.04429	11.1404
0.4399	-0.04423	11.1444
0.44	-0.04404	11.147
0.4399	-0.04395	11.151
0.4395	-0.04379	11.1549
0.4387	-0.04355	11.1589
0.4379	-0.04347	11.1615
0.4366	-0.04314	11.1653
0.4348	-0.04276	11.1692
0.4327	-0.04243	11.173
0.4312	-0.04252	11.1756
0.4285	-0.04177	11.1794
0.4256	-0.0414	11.1831
0.4234	-0.04146	11.1856
0.4199	-0.04059	11.1889
0.4161	-0.04009	11.1928
0.4134	-0.04026	11.1783
0.4092	-0.03924	11.1822
0.4046	-0.03862	11.1858
0.4014	-0.03886	11.0764
0.3964	-0.03764	11.1857
0.3911	-0.03699	11.2099
0.3874	-0.03726	11.185
0.3817	-0.03589	11.2129
0.3758	-0.03522	11.2202
0.3696	-0.03448	11.275
0.3653	-0.03481	11.2248
0.3588	-0.03328	11.2955
0.352	-0.03248	11.2482
0.3474	-0.0329	11.3213
0.3404	-0.03124	11.2648
0.3331	-0.03039	11.2516
0.3281	-0.03081	11.2958
0.3206	-0.02906	11.2594
0.313	-0.02826	11.0541
0.3078	-0.0287	11.2677
0.2999	-0.02683	10.9902
0.2919	-0.02599	11.1602
0.2865	-0.02649	11.2707
0.2783	-0.02455	11.0938
0.27	-0.02368	11.234
0.2616	-0.0228	11.2611
0.256	-0.02336	11.1838
0.2476	-0.0214	11.2514
0.2413	-0.02161	11.2733
0.2388	-0.02288	11.2408
0.2385	-0.02373	11.2776
0.2453	-0.02725	11.3928
0.2447	-0.02423	11.3077
0.2515	-0.02787	11.0226
0.2637	-0.03125	11.1969
0.2781	-0.03357	11.2924
0.2876	-0.03256	11.2663
0.3013	-0.03561	11.2935
0.3148	-0.03688	11.4404
0.3236	-0.03588	11.3017
0.3367	-0.03891	11.3801
0.3494	-0.04002	11.3275
0.3617	-0.04109	11.0601
0.3698	-0.04022	11.3465
0.3816	-0.04288	11.1379
0.3892	-0.04196	11.3366
0.4037	-0.04617	11.3138
0.4108	-0.04392	11.2356
0.4209	-0.04613	11.3229
0.4308	-0.04704	11.4111
0.4401	-0.04773	11.3519
0.4462	-0.04706	11.4431
0.4548	-0.04892	11.369
0.4603	-0.04823	11.498
0.468	-0.04988	11.3637
0.4753	-0.05045	11.0701
0.4821	-0.05093	11.2638
0.4863	-0.05031	11.1439
0.4923	-0.05163	11.3047
0.4978	-0.05198	11.3425
0.5028	-0.05228	11.4943
0.5058	-0.05178	11.3439
0.51	-0.05268	11.5348
0.5124	-0.0522	11.3478
0.5156	-0.05284	11.5424
0.5183	-0.05291	11.1906
0.5198	-0.05258	11.1263
0.5216	-0.05288	11.3049
0.5229	-0.05281	11.3602
0.5237	-0.05269	11.5197
0.524	-0.05252	11.4189
0.5239	-0.05235	11.5977
0.5235	-0.05219	11.4198
0.5226	-0.0519	11.1646
0.5211	-0.05151	11.315
0.5199	-0.05151	11.0998
0.5176	-0.05084	11.3075
0.5158	-0.05086	11.0506
0.5127	-0.05003	11.2631
0.5092	-0.04952	11.38
0.5053	-0.04897	11.5641
0.5009	-0.04833	11.433
0.4962	-0.04774	11.099
0.4928	-0.04792	11.433
0.4874	-0.04658	11.0353
0.4836	-0.04684	11.4533
0.4775	-0.04531	11.2078
0.471	-0.0445	11.3967
0.4642	-0.0437	11.5446
0.4596	-0.04412	11.3991
0.4547	-0.04351	11.3365
0.4472	-0.04172	11.4003
0.4392	-0.04072	11.6139
0.431	-0.03982	11.4567
0.4252	-0.0402	11.6143
0.4166	-0.03822	11.4534
0.4076	-0.03716	11.0959
0.4018	-0.03786	11.4689
0.3942	-0.03638	11.1844
0.3898	-0.03722	11.4602
0.3851	-0.03663	11.1123
0.3805	-0.03621	11.3019
0.3778	-0.0367	11.6554
0.3771	-0.03743	11.4215
0.3763	-0.03731	11.618
0.3753	-0.03713	11.4708
0.3745	-0.03713	11.5861
0.373	-0.0367	11.476
0.3713	-0.03645	11.0732
0.3699	-0.03643	11.4976
0.3676	-0.03584	11.1945
0.3661	-0.03601	11.0875
0.3635	-0.03531	11.3312
0.3606	-0.0349	11.6607
0.3576	-0.03456	11.4973
0.3555	-0.03471	11.6561
0.3531	-0.03435	11.6409
0.3496	-0.03356	11.249
0.3457	-0.03301	11.6243
0.3417	-0.03257	11.2002
0.3389	-0.03277	11.1796
0.3347	-0.03179	11.3729
0.3301	-0.03117	11.7205
0.327	-0.03146	11.5457
0.3222	-0.0303	11.1106
0.3173	-0.02977	11.3402
0.312	-0.02908	11.6011
0.3085	-0.02945	11.4569
0.3029	-0.02805	11.6513
0.2973	-0.02749	11.508
0.2916	-0.02688	11.1296
0.2877	-0.02721	11.5209
0.2818	-0.02582	11.2002
0.2759	-0.02523	11.4633
0.2719	-0.02559	11.3662
0.2658	-0.02414	11.6016
0.2597	-0.02353	11.5192
0.2555	-0.02387	11.6529
0.2492	-0.0224	11.533
0.2428	-0.02172	11.1968
0.2385	-0.02213	11.1186
0.2319	-0.02055	11.3505
0.2253	-0.01989	11.6406
0.2209	-0.02033	11.4731
0.2165	-0.01989	11.3567
0.2099	-0.01835	11.6574
0.2034	-0.01774	11.5575
0.199	-0.01814	11.7752
0.1925	-0.01665	11.1353
0.1859	-0.01595	11.3611
0.1794	-0.01534	11.6418
0.1731	-0.01479	11.5504
0.1667	-0.01411	11.2631
0.1625	-0.01457	11.1804
0.1563	-0.01315	11.4105
0.1521	-0.01353	11.1565
0.1459	-0.01211	11.3967
0.1398	-0.01154	11.6572
0.134	-0.01108	11.5685
0.13	-0.0114	11.7844
0.1229	-0.00945	11.7402
0.1232	-0.01244	11.736
0.1382	-0.01982	11.3323
-0.1578	0.13418	11.4969
0.1502	-0.13822	11.3849
0.1575	-0.01867	11.6294
0.1664	-0.0202	11.7251
0.1826	-0.02474	11.2764
0.195	-0.02446	11.1687
0.214	-0.029	11.3949
0.2331	-0.03095	11.7356
0.2456	-0.02956	11.6835
0.2637	-0.03361	11.1226
0.2759	-0.03247	11.5483
0.2938	-0.03654	11.2574
0.3056	-0.03528	11.1672
0.3231	-0.03931	11.3964
0.3403	-0.04091	11.7021
0.3569	-0.04233	11.5472
0.3678	-0.04114	11.7252
0.3837	-0.04473	11.1701
0.3994	-0.04622	11.4071
0.4146	-0.04754	11.4923
0.4245	-0.04641	11.3948
0.4389	-0.04965	11.7198
0.4527	-0.05079	11.2098
0.4618	-0.04982	11.2389
0.4749	-0.05273	11.4954
0.4834	-0.05174	11.3923
0.4956	-0.05444	11.6592
0.5069	-0.05521	11.5604
0.5143	-0.05439	11.7314
0.5248	-0.05668	11.1652
0.5348	-0.05748	11.409
0.5412	-0.05668	11.2082
0.5531	-0.06007	11.2765
0.5587	-0.05811	11.2044
0.5666	-0.05982	11.7744
0.5737	-0.06021	11.241
0.5781	-0.05957	11.2861
0.5841	-0.06081	11.7313
0.5894	-0.06106	11.2179
0.594	-0.06124	11.7323
0.5967	-0.06075	11.65
0.6003	-0.06147	11.3518
0.6034	-0.06158	11.7005
0.6052	-0.06124	11.7584
0.6071	-0.06147	11.2162
0.6083	-0.06131	11.6647
0.6087	-0.06103	11.7219
0.6086	-0.06082	11.249
0.608	-0.06056	11.706
0.6073	-0.06045	11.5163
0.6057	-0.05993	11.7939
0.6037	-0.05957	11.2427
0.6011	-0.05907	11.7213
0.598	-0.05856	11.5931
0.5955	-0.05855	11.7937
0.5914	-0.0575	11.2322
0.585	-0.05594	11.2734
0.5795	-0.05575	11.7839
0.5756	-0.056	11.7177
0.5692	-0.05436	11.2607
0.5646	-0.05462	11.2967
0.5572	-0.05276	11.6906
0.552	-0.05312	11.7374
0.5439	-0.05115	11.202
0.535	-0.04994	11.7581
0.5261	-0.04905	11.2674
0.5165	-0.04781	11.6587
0.51	-0.0484	11.7824
0.4999	-0.04595	11.3647
0.4929	-0.04649	11.293
0.482	-0.04384	11.7565
0.4708	-0.0426	11.2204
0.4632	-0.04328	11.2969
0.4515	-0.04047	11.7804
0.4398	-0.0393	11.1813
0.4316	-0.03988	11.6111
0.4192	-0.03696	11.3029
0.4109	-0.03777	11.1963
0.3979	-0.03459	11.7699
0.3849	-0.03329	11.3222
0.3715	-0.03179	11.731
0.3625	-0.03265	11.7205
0.349	-0.0295	11.3008
0.34	-0.0304	11.2596
0.3263	-0.02715	11.7673
0.3125	-0.02573	11.2679
0.3031	-0.02655	11.2736
0.2888	-0.02316	11.7995
0.2794	-0.02418	11.7812
0.2665	-0.02149	11.2014
0.26	-0.0234	11.2027
0.2565	-0.02425	11.5452
0.2615	-0.02815	11.4077
0.2838	-0.0373	11.7893
0.2536	-0.01328	11.2761
0.2603	-0.02871	11.7417
0.2784	-0.03508	11.3728
0.2968	-0.03704	11.7677
0.3146	-0.03858	11.2213
0.3264	-0.03736	11.3053
0.3495	-0.04419	11.3389
0.3608	-0.0406	11.3454
0.3773	-0.04433	11.6828
0.3881	-0.04313	11.7661
0.3987	-0.04411	11.7321
0.414	-0.04752	11.6341
0.4242	-0.0465	11.8492
0.4387	-0.04967	11.2899
0.453	-0.05102	11.7124
0.4621	-0.04985	11.7569
0.475	-0.05266	11.2922
0.4878	-0.0539	11.7304
0.4959	-0.05283	11.7517
0.5077	-0.05549	11.3473
0.519	-0.05642	11.7443
0.5295	-0.05715	11.2369
0.5362	-0.0563	11.2255
0.5456	-0.05832	11.8197
0.5544	-0.05896	11.3939
0.5627	-0.05959	11.8052
0.5678	-0.05882	11.8117
0.5749	-0.06033	11.3074
0.5814	-0.06074	11.7668
0.5853	-0.06009	11.7837
0.5905	-0.06113	11.2908
0.5936	-0.0606	11.2349
0.598	-0.06156	11.7993
0.6018	-0.0617	11.2781
0.6052	-0.06188	11.8056
0.6078	-0.06182	11.3182
0.6097	-0.06173	11.7932
0.6108	-0.06152	11.3203
0.6111	-0.06123	11.2501
0.611	-0.06106	11.766
0.6103	-0.06075	11.3314
0.609	-0.06038	11.771
0.6073	-0.06005	11.3544
0.6048	-0.05948	11.7955
0.6029	-0.05953	11.7172
0.5994	-0.05854	11.3089
0.5955	-0.05799	11.8301
0.5925	-0.05805	11.3854
0.5923	-0.05915	11.2721
0.5949	-0.06053	11.8215
0.5982	-0.06114	11.7188
0.6064	-0.06392	11.3141
0.6139	-0.06439	11.4265
0.625	-0.06694	11.7655
0.6352	-0.0676	11.2917
0.6415	-0.06667	11.3009
0.6502	-0.0685	11.7815
0.6583	-0.06907	11.378
0.6657	-0.06953	11.7333
0.6702	-0.06882	11.7795
0.6762	-0.07002	11.3073
0.6815	-0.07027	11.7788
0.6845	-0.06965	11.8191
0.6884	-0.0704	11.247
0.6915	-0.07039	11.7847
0.6937	-0.07025	11.292
0.6947	-0.06987	11.3169
0.6955	-0.06987	11.8017
0.6955	-0.06955	11.2675
0.6952	-0.0694	11.2698
0.6942	-0.06902	11.7315
0.6925	-0.06857	11.3176
0.6899	-0.06795	11.7828
0.6868	-0.06744	11.2678
0.6842	-0.06738	11.3475
0.678	-0.06532	11.3551
0.6745	-0.06605	11.3168
0.6688	-0.0646	11.7564
0.6624	-0.06368	11.3071
0.6578	-0.06394	11.3255
0.6505	-0.06213	11.7739
0.6453	-0.06245	11.7966
0.6369	-0.06033	11.2934
0.628	-0.05924	11.7108
0.6184	-0.058	11.4153
0.6118	-0.05854	11.2764
0.601	-0.05578	11.7356
0.5897	-0.05445	11.2861
0.5818	-0.05502	11.3709
0.5695	-0.05203	11.7098
0.5612	-0.0528	11.8484
0.5484	-0.04972	11.3772
0.535	-0.04814	11.729
0.5213	-0.04665	11.3284
0.5118	-0.04738	11.3344
0.4971	-0.04383	11.8494
0.4881	-0.04521	11.7767
0.4883	-0.04891	11.3371
0.5051	-0.05723	11.3965
0.498	-0.04696	11.8119
0.5046	-0.0531	11.3078
0.5135	-0.05491	11.3542
0.5307	-0.05995	11.8055
0.55	-0.06272	11.3319
0.563	-0.0615	11.3477
0.5756	-0.0626	11.3811
0.6	-0.06976	11.2849
0.6118	-0.0659	11.3121
0.6288	-0.06968	11.8016
0.6396	-0.06828	11.7865
0.6553	-0.07181	11.4307
0.6652	-0.07048	11.2539
0.6795	-0.07367	11.7349
0.6885	-0.07245	11.849
0.7012	-0.0752	11.3577
0.7132	-0.07612	11.8
0.7206	-0.07502	11.8136
0.7275	-0.07551	11.809
0.7372	-0.0776	11.2449
0.7431	-0.07667	11.2644
0.7515	-0.07851	11.8347
0.7566	-0.0777	11.7338
0.7635	-0.07911	11.3042
0.7677	-0.07845	11.3424
0.7733	-0.07957	11.7264
0.7778	-0.07958	11.4312
0.7802	-0.07898	11.3433
0.7832	-0.07952	11.7974
0.7846	-0.07902	11.816
0.7861	-0.07921	11.3272
0.7867	-0.07891	11.2736
0.7865	-0.07857	11.8131
0.7859	-0.07835	11.7773
0.7843	-0.07779	11.3224
0.7827	-0.07763	11.4022
0.7796	-0.07672	11.7407
0.7755	-0.07591	11.3279
0.7704	-0.075	11.8379
0.7648	-0.07424	11.2607
0.7606	-0.07438	11.2179
0.7535	-0.07251	11.8779
0.7457	-0.07145	11.3563
0.7371	-0.07027	11.8423
0.7277	-0.06901	11.3897
0.7211	-0.06947	11.4375
0.7142	-0.06866	11.2421
0.703	-0.06582	11.8171
0.6915	-0.06455	11.2773
0.6791	-0.06295	11.7781
0.666	-0.06136	11.4415
0.6523	-0.05975	11.7729
0.643	-0.06058	11.7714
0.6334	-0.0595	11.8042
0.6186	-0.05594	11.3204
0.6085	-0.05681	11.329
0.5926	-0.0529	11.7539
0.5766	-0.05126	11.3363
0.5599	-0.04931	11.845
0.5429	-0.04749	11.2696
0.5312	-0.04844	11.2629
0.5194	-0.04722	11.3018
0.501	-0.04274	11.8769
0.4887	-0.04395	11.7211
0.4701	-0.03957	11.3927
0.4509	-0.03741	11.8608
0.4381	-0.03869	11.8123
0.419	-0.03426	11.3259
0.3993	-0.03205	11.7999
0.3862	-0.03338	11.8697
0.373	-0.03202	11.7884
0.3531	-0.02735	11.3643
0.3329	-0.02521	11.8422
0.3131	-0.02339	11.3834
0.2998	-0.02466	11.367
0.2797	-0.01993	11.8238
0.2664	-0.02132	11.8087
0.2466	-0.01674	11.4177
0.2265	-0.01461	11.8337
0.2069	-0.01285	11.2909
0.1936	-0.01404	11.3964
0.1738	-0.00946	11.785
0.1545	-0.00773	11.3586
0.1417	-0.00905	11.3065
0.1227	-0.00467	11.7464
0.104	-0.00292	11.4131
0.0867	-0.00175	11.779
0.0821	-0.00637	11.3927
0.1129	-0.02361	11.8519
0.181	-0.04534	11.4629
0.0608	0.042	11.8716
0.0626	-0.00698	11.412
0.074	-0.01196	11.3816
0.0856	-0.0132	11.3639
0.1032	-0.01736	11.8585
0.1148	-0.01612	11.8859
0.1318	-0.01998	11.3395
0.1489	-0.02173	11.769
0.16	-0.02044	11.8105
0.1765	-0.02425	11.2793
0.1876	-0.0232	11.3493
0.2042	-0.02706	11.7516
0.2151	-0.02587	11.7822
0.2258	-0.02686	11.7734
0.2417	-0.03053	11.3809
0.2576	-0.03212	11.8244
0.2681	-0.03101	11.8198
0.2836	-0.03456	11.4349
0.2938	-0.03346	11.3682
0.309	-0.03698	11.8099
0.3188	-0.0358	11.7665
0.3331	-0.03903	11.3684
0.3471	-0.04031	11.8238
0.3561	-0.03921	11.8018
0.3693	-0.04221	11.283
0.3781	-0.04133	11.3783
0.391	-0.04426	11.8511
0.4034	-0.0453	11.307
0.4115	-0.04439	11.3632
0.4234	-0.0471	11.8438
0.431	-0.04614	11.7522
0.4421	-0.04865	11.459
0.4491	-0.04771	11.3365
0.4558	-0.04826	11.3418
0.4654	-0.05038	11.8129
0.4745	-0.05109	11.4146
0.4833	-0.05185	11.7438
0.4902	-0.05178	11.8503
0.5146	-0.06122	11.3484
0.5438	-0.06606	11.8084
0.5709	-0.06793	11.878
0.6173	-0.08029	11.3835
0.6508	-0.07848	11.2955
0.7005	-0.08993	11.8148
0.7326	-0.0861	11.802
0.7791	-0.09651	11.2799
0.8252	-0.10096	11.8351
0.8694	-0.10462	11.2969
0.8981	-0.10129	11.2711
0.9262	-0.10386	11.2911
0.9674	-0.11322	11.788
0.9941	-0.11009	11.8864
1.0323	-0.11851	11.3283
1.0692	-0.12168	11.7317
1.0928	-0.11872	11.8935
1.1263	-0.12603	11.3389
1.1587	-0.12883	11.8208
1.1793	-0.12617	11.766
1.1991	-0.12783	11.8033
1.2272	-0.13396	11.3292
1.2536	-0.13592	11.8208
1.2781	-0.13761	11.4269
1.2934	-0.13546	11.3356
1.3151	-0.14019	11.8208
1.3285	-0.13821	11.7798
1.3468	-0.142	11.3268
1.3578	-0.14018	11.3002
1.3732	-0.14348	11.785
1.3864	-0.14392	11.2561
1.3942	-0.14254	11.3103
1.4045	-0.14457	11.7431
1.4128	-0.1446	11.401
1.4173	-0.14353	11.3739
1.4224	-0.14428	11.8359
1.4255	-0.14379	11.2818
1.4266	-0.1431	11.3083
1.4265	-0.14261	11.7995
1.4254	-0.1421	11.8671
1.4236	-0.14164	11.8151
1.4195	-0.14031	11.2676
1.4157	-0.14005	11.339
1.4083	-0.13787	11.792
1.4026	-0.13798	11.87
1.3926	-0.13526	11.3934
1.3808	-0.13336	11.8544
1.3721	-0.13373	11.8044
1.3577	-0.13001	11.3808
1.3472	-0.13052	11.348
1.33	-0.12612	11.8442
1.3205	-0.12825	11.7558
1.3121	-0.12785	11.8068
1.3146	-0.13246	11.7988
1.328	-0.13816	11.2573
1.3417	-0.13965	11.2533
1.3615	-0.14407	11.3081
1.3898	-0.1503	11.7608
1.4158	-0.15198	11.3781
1.4401	-0.15373	11.7673
1.4548	-0.15136	11.8082
1.4753	-0.15573	11.4292
1.4939	-0.15683	11.8482
1.5051	-0.15499	11.7804
1.52	-0.15796	11.3308
1.5289	-0.15645	11.4137
1.5405	-0.15869	11.7268
1.5499	-0.15875	11.3158
1.555	-0.15754	11.3919
1.5609	-0.15845	11.7546
1.5638	-0.15754	11.8352
1.5662	-0.15758	11.3201
1.5663	-0.15667	11.7854
1.5654	-0.15618	11.7582
1.5622	-0.15494	11.3863
1.5573	-0.15377	11.7492
1.5504	-0.15228	11.381
1.5414	-0.15054	11.8158
1.5306	-0.14874	11.3176
1.5223	-0.14891	11.3861
1.5083	-0.14523	11.8152
1.4924	-0.14288	11.4267
1.4808	-0.14344	11.3974
1.4618	-0.13858	11.8839
1.4482	-0.13938	11.8086
1.4265	-0.13397	11.3249
1.4111	-0.13495	11.3836
1.3866	-0.12886	11.8239
1.3702	-0.13046	11.859
1.3597	-0.13177	11.4108
1.3499	-0.13107	11.4037
1.3439	-0.13199	11.7972
1.3443	-0.13459	11.8159
1.348	-0.13628	11.4414
1.351	-0.1363	11.4635
1.354	-0.1366	11.843
1.3554	-0.1361	11.3197
1.355	-0.13534	11.7934
1.3528	-0.1344	11.4718
1.3487	-0.13323	11.8508
1.3452	-0.13312	11.776
1.3409	-0.13237	11.8654
1.3333	-0.13029	11.4058
1.3237	-0.12853	11.8232
1.3127	-0.12687	11.302
1.3001	-0.12497	11.8691
1.2861	-0.12301	11.3251
1.2703	-0.12071	11.8181
1.259	-0.12138	11.8562
1.2413	-0.11705	11.2779
1.222	-0.11448	11.8235
1.2084	-0.1154	11.8267
1.1798	-0.10654	11.791
1.1568	-0.10648	11.3752
1.1408	-0.10768	11.2548
1.1155	-0.10143	11.9105
1.0894	-0.0985	11.3886
1.0714	-0.09994	11.2948
1.0434	-0.09314	11.8942
1.0145	-0.08989	11.443
0.9843	-0.08635	11.7961
0.9638	-0.08818	11.8082
0.9326	-0.08078	11.357
0.911	-0.08246	11.4312
0.8779	-0.07455	11.7913
0.8445	-0.07109	11.3746
0.8099	-0.06715	11.8194
0.7753	-0.06369	11.2658
0.7517	-0.06573	11.3286
0.7157	-0.05717	11.7871
0.6797	-0.05357	11.3951
0.6427	-0.04947	11.846
0.6178	-0.05182	11.8355
