Kp:	0.3	Ki:	0.0075	Kd:	0.6
cte	steer_value
0.76	-3.4485	0
0.76	1.65187	0
0.7609	-0.00688246	0.2209
0.7601	-0.135644	0.2902
0.76	-0.156498	0.0666
0.7597	-0.157993	0.4955
0.7592	-0.160316	0.7918
0.7578	-0.159494	1.2688
0.7565	-0.164696	1.586
0.7549	-0.165866	1.8676
0.7531	-0.16819	2.1341
0.7497	-0.163943	2.612
0.747	-0.173115	2.9148
0.7439	-0.172244	3.2383
0.7404	-0.173465	3.551
0.7364	-0.174322	3.8515
0.7297	-0.165338	4.2992
0.7246	-0.180555	4.5968
0.719	-0.176777	4.9014
0.7129	-0.177054	5.1918
0.7061	-0.176649	5.4834
0.6948	-0.159343	5.9188
0.6864	-0.183754	6.208
0.6776	-0.176933	6.5114
0.6678	-0.173716	6.7935
0.6573	-0.173583	7.0781
0.64	-0.145047	7.5084
0.6273	-0.181277	7.7941
0.6141	-0.169383	8.1031
0.5998	-0.164579	8.383
0.5844	-0.16175	8.6676
0.5594	-0.120269	9.1011
0.5415	-0.172782	9.3915
0.5229	-0.1533	9.7155
0.5029	-0.145796	9.9999
0.4816	-0.141324	10.2921
0.4503	-0.0970495	10.7425
0.4334	-0.182068	11.0456
0.4254	-0.188727	11.4505
0.3959	-0.067531	11.8338
0.3721	-0.13822	11.8701
0.3418	-0.0961098	12.3074
0.3226	-0.156598	12.3837
0.3035	-0.12952	13.1148
0.283	-0.118371	13.267
0.2606	-0.110032	13.4137
0.2245	-0.0493327	14.0794
0.1987	-0.122862	14.5342
0.1726	-0.0956364	14.8754
0.1448	-0.0825269	15.16
0.1004	-0.00638806	15.6353
0.0692	-0.0978287	15.9876
0.0379	-0.0636877	16.4239
0.0052	-0.049452	16.7754
-0.0463	0.0389181	17.1439
-0.0822	-0.0666537	17.4775
-0.1173	-0.0298727	17.8538
-0.1537	-0.0122219	18.1943
-0.1912	-0.00241748	18.5864
-0.2486	0.0929147	19.3422
-0.2874	-0.0269652	19.7375
-0.3247	0.0148535	20.0563
-0.3622	0.0309331	20.4227
-0.4001	0.0413399	20.799
-0.4563	0.132158	21.2547
-0.4931	0.0131416	21.6179
-0.5272	0.0521236	21.8904
-0.5605	0.0668389	22.2704
-0.5929	0.0739063	22.6202
-0.6388	0.145912	23.1579
-0.6672	0.045875	23.471
-0.692	0.0762819	23.7174
-0.7257	0.135697	24.1921
-0.7457	0.0625638	24.5119
-0.7621	0.0836241	24.7729
-0.7758	0.0884068	25.088
-0.7867	0.0885218	25.391
-0.7974	0.0998705	25.8363
-0.8004	0.0710278	26.1276
-0.7998	0.0765858	26.4088
-0.7959	0.074525	26.7099
-0.7839	0.0486499	27.1589
-0.7715	0.0673765	27.4589
-0.7561	0.0568743	27.7767
-0.7267	0.000565918	28.2378
-0.7028	0.0563956	28.5478
-0.6767	0.0342424	28.8965
-0.6476	0.0225625	29.2207
-0.5984	-0.0642951	29.7108
-0.5605	0.028054	30.0475
-0.5156	-0.0316271	30.3552
-0.4619	-0.063475	30.6766
-0.3657	-0.242775	31.1663
-0.2971	-0.0320562	31.4697
-0.2332	-0.0796291	31.6162
-0.14	-0.239681	32.0274
-0.0789	-0.04318	32.3205
-0.0236	-0.0986265	32.4717
0.0545	-0.232042	32.8641
0.1036	-0.0631556	33.1383
0.1461	-0.107318	33.2913
0.2025	-0.199946	33.6585
0.2355	-0.0740775	33.9171
0.2618	-0.103693	34.0924
0.2832	-0.107654	34.3213
0.3066	-0.135129	34.6936
0.3158	-0.0726573	34.9317
0.3192	-0.0826004	35.1497
0.3177	-0.07868	35.3957
0.3065	-0.0485259	35.7862
0.2932	-0.0620436	36.0454
0.2758	-0.0489502	36.3221
0.2422	0.0165601	36.7389
0.2149	-0.0457346	37.019
0.1857	-0.0210183	37.3188
0.1537	-0.00698481	37.6167
0.1012	0.0846342	38.0686
0.0639	-0.0238204	38.3826
0.0274	0.0113766	38.6539
-0.0094	0.024107	38.9289
-0.065	0.116119	39.3903
-0.0966	-0.026486	39.6939
-0.1107	-0.0463381	39.9348
-0.1105	-0.0623219	40.333
-0.1075	-0.0370317	40.6139
-0.1054	-0.0233987	40.8759
-0.1031	-0.0256445	41.2826
-0.102	-0.0198869	41.5672
-0.1012	-0.0211642	41.8559
-0.1006	-0.0209707	42.1453
-0.1003	-0.0198973	42.4356
-0.1001	-0.0198801	42.8681
-0.1003	-0.0180266	43.1555
-0.1008	-0.0172227	43.4423
-0.1014	-0.0170858	43.7287
-0.1027	-0.0137165	44.1582
-0.1037	-0.0161272	44.4435
-0.1047	-0.0149755	44.7292
-0.1058	-0.0138915	45.0142
-0.1074	-0.0112494	45.4388
-0.1084	-0.0144672	45.7213
-0.1092	-0.0134557	46.0044
-0.1099	-0.0127655	46.2862
-0.1104	-0.0128429	46.7052
-0.0996	-0.0631104	46.9838
-0.0703	-0.121941	47.2615
-0.0294	-0.133892	47.5146
0.027	-0.180663	47.7919
0.0584	-0.0388072	47.9492
0.0826	-0.068311	48.0726
0.1014	-0.0703715	48.2463
0.1153	-0.0666625	48.479
0.1261	-0.0684746	48.8036
0.1264	-0.0317521	49.0198
0.121	-0.0319701	49.236
0.1039	0.00610005	49.5908
0.0869	-0.0204685	49.8394
0.0667	-0.00517751	50.097
0.0304	0.063722	50.4901
0.0027	-0.00725615	50.7522
-0.0253	0.0165545	50.9932
-0.0687	0.0925617	51.361
-0.0981	0.00115672	51.6214
-0.1252	0.0268509	51.8392
-0.1594	0.0726217	52.1907
-0.1613	-0.0829868	52.4467
-0.1405	-0.109868	52.6671
-0.1011	-0.137784	52.9462
-0.0769	-0.0269822	53.1139
-0.0567	-0.0451267	53.2522
-0.031	-0.0858145	53.5446
-0.0166	-0.027291	53.7733
-0.002	-0.0566486	54.0628
0.0034	-0.0193194	54.2643
0.0053	-0.0263983	54.4843
0.0024	-0.0150865	54.8229
-0.003	-0.0153926	55.0588
-0.0107	-0.0108366	55.2944
-0.0264	0.0209567	55.655
-0.0391	-0.00900149	55.8959
-0.0592	0.0326505	56.2496
-0.0731	-0.00849994	56.4855
-0.0863	0.00452563	56.717
-0.1052	0.0359755	57.0647
-0.1151	-0.0141374	57.3058
-0.0988	-0.110481	57.5356
0.0028	-0.436569	57.8718
0.0751	-0.115787	58.0601
0.136	-0.130486	57.9696
0.2082	-0.225164	57.9689
0.2442	-0.0512564	58.0895
0.2665	-0.0805966	58.1514
0.2785	-0.07842	58.3387
0.2729	-0.0295059	58.5193
0.2564	-0.0239436	58.6852
0.2132	0.0699742	58.9745
0.1733	-0.00320287	59.1879
0.128	0.0306783	59.3815
0.0505	0.17235	59.693
-0.0061	0.0148166	59.9153
-0.0586	0.0501639	60.0501
-0.0984	0.0160096	60.2865
-0.1138	-0.0555947	60.491
-0.1327	0.0239794	60.7977
-0.144	-0.00974219	60.9977
-0.1536	0.00295863	61.1884
-0.1613	0.00222238	61.4
-0.169	0.009243	61.7352
-0.1713	-0.0127524	61.9613
-0.1709	-0.0111036	62.1844
-0.1658	-0.0244198	62.5088
-0.1596	-0.0180212	62.7229
-0.1516	-0.0232032	62.9321
-0.1341	-0.0627103	63.2379
-0.082	-0.199671	63.4414
0.0211	-0.3569	63.6262
0.1636	-0.427764	63.7271
0.2421	-0.0613604	63.631
0.2983	-0.119061	63.3948
0.3363	-0.112846	63.3293
0.3621	-0.114381	63.5072
0.3577	-0.0164818	63.6154
0.3356	-0.0108758	63.7254
0.274	0.123307	63.9683
0.2163	0.0188516	64.1718
0.1507	0.0661145	64.326
0.0394	0.266808	64.56
-0.0411	0.0383754	64.7376
-0.1179	0.101	64.7752
-0.2267	0.275282	64.8989
-0.2939	0.0334822	65.048
-0.3698	0.17924	65.0244
-0.4011	-0.0203019	65.0572
-0.378	-0.155139	65.1636
-0.1985	-0.730399	65.354
-0.0644	-0.176251	65.478
0.0665	-0.263216	64.9149
0.2515	-0.547714	63.348
0.3622	-0.119807	62.3548
0.4551	-0.226996	61.5111
0.5659	-0.383356	60.1741
0.6205	-0.113772	60.206
0.652	-0.151653	60.0995
0.6632	-0.133353	60.1223
0.6836	-0.23315	60.229
0.7158	-0.275745	60.3763
0.709	-0.0782341	60.4256
0.6755	-0.0483799	60.3913
0.5817	0.158479	60.5082
0.4932	0.00154684	60.6761
0.3918	0.0754474	60.7955
0.2172	0.394927	61.0421
0.0884	0.0437342	61.2391
-0.038	0.151066	61.1883
-0.2354	0.510854	61.2497
-0.2044	-0.654032	61.3856
-0.175	-0.124814	61.0592
-0.1236	-0.190109	59.6219
-0.0915	-0.0565331	58.7065
-0.0636	-0.0844054	57.4282
-0.0277	-0.139106	57.5083
-0.008	-0.0544855	57.6819
0.0056	-0.0674235	57.8161
0.0158	-0.07208	58.0543
0.0159	-0.0377386	58.2397
0.01	-0.0352855	58.4155
-0.0092	0.00991621	58.7032
-0.0284	-0.0192153	58.9085
-0.0514	-0.000902302	59.1235
-0.0927	0.0774901	59.4594
-0.1241	-0.00330196	59.6858
-0.1557	0.0238762	59.8883
-0.2039	0.106957	60.1939
-0.236	0.00464056	60.4168
-0.2924	0.156806	60.5911
-0.1783	-0.659668	60.7614
-0.0192	-0.485704	60.9519
0.0868	-0.135685	60.416
0.1817	-0.220135	59.4324
0.3049	-0.402973	57.8049
0.3729	-0.113039	57.7729
0.4221	-0.167531	57.6507
0.4656	-0.207435	57.6777
0.5517	-0.428762	57.7858
0.6917	-0.592416	57.8433
0.8531	-0.583005	57.595
0.9166	-0.110919	56.9467
0.9402	-0.172142	55.9689
0.9309	-0.143967	55.0904
0.8628	0.0339362	53.9585
0.7832	-0.0505258	54.0498
0.6824	0.0186534	54.2097
0.494	0.379366	54.5329
0.3469	0.0142068	54.7546
0.1945	0.145387	54.7562
0.0391	0.181357	54.9025
0.0494	-0.548636	55.0804
0.0618	-0.168591	55.1683
0.0654	-0.0941309	53.856
0.0548	-0.048419	52.8647
0.0354	-0.0417578	52.0799
0.0085	-0.0278793	52.2564
-0.0447	0.0768453	52.5899
-0.0878	-0.0225702	52.8217
-0.1116	-0.0829321	53.0362
-0.0098	-0.600658	53.3695
0.0531	-0.142236	53.5825
0.1024	-0.160088	53.1258
0.1529	-0.213043	51.5609
0.1714	-0.0782942	51.2189
0.176	-0.0951812	51.2882
0.1605	-0.0446473	51.507
0.1362	-0.0531708	51.6946
0.1016	-0.0273222	51.8955
0.0318	0.112168	52.2273
-0.0256	-0.0164338	52.4551
-0.087	0.0350902	52.6488
-0.1874	0.21644	52.9689
-0.2074	-0.221514	53.2089
-0.0604	-0.791948	53.3339
0.1913	-0.884384	53.353
0.3419	-0.19272	52.8059
0.5303	-0.610485	51.2415
0.6317	-0.181856	50.3792
0.7107	-0.302014	49.2767
0.7911	-0.395548	47.7477
0.8188	-0.177094	47.425
0.8217	-0.197891	47.3177
0.7888	-0.108063	47.3788
0.793	-0.363523	47.4836
0.8178	-0.380347	47.6245
0.8186	-0.223861	47.639
0.7679	-0.045684	47.4524
0.7013	-0.0929908	47.4391
0.6148	-0.0406445	47.5925
0.5095	0.0077759	47.815
0.3204	0.357465	48.1606
0.177	-0.0174905	48.4196
0.1004	-0.202343	48.4529
0.106	-0.395421	48.5335
0.1327	-0.284393	48.6839
0.1372	-0.122193	48.4967
0.1142	-0.0458457	48.4086
0.0741	-0.0332778	48.4876
0.0201	-0.00899526	48.6865
-0.0835	0.189578	49.0553
-0.1658	-0.00747436	49.315
-0.2516	0.0652566	49.4774
-0.3417	0.0970998	49.651
-0.4352	0.120387	49.8934
-0.5763	0.346899	50.1787
-0.6679	0.0378987	50.3449
-0.7838	0.276012	50.2799
-0.8474	0.0150417	50.3497
-0.8329	-0.204201	50.4506
-0.6978	-0.556301	50.571
-0.4789	-0.658124	50.7253
-0.3401	-0.111409	50.0776
-0.2134	-0.253019	49.1148
-0.0963	-0.275513	48.2528
0.0577	-0.491134	47.3233
0.1439	-0.127831	47.3285
0.2094	-0.20441	47.1545
0.2778	-0.29245	47.2106
0.3045	-0.115502	47.3365
0.3079	-0.114596	47.3584
0.2877	-0.0725752	47.447
0.2579	-0.0873181	47.6246
0.2631	-0.269164	47.9305
0.2661	-0.180563	48.1408
0.2363	-0.0318962	48.2322
0.1932	-0.0443043	48.2907
0.1357	-0.00933393	48.4668
0.0259	0.20122	48.8339
-0.0612	-0.00784744	49.0883
-0.1518	0.0681926	49.2416
-0.229	0.020491	49.544
-0.2112	-0.363663	49.7859
-0.1937	-0.137388	50.0184
-0.206	0.0131855	49.9745
-0.2326	0.0121019	50.1118
-0.2675	0.0161735	50.307
-0.3317	0.133878	50.6987
-0.3809	0.00803518	50.9588
-0.4553	0.162851	51.2203
-0.5048	0.008517	51.4152
-0.5509	0.0586745	51.5964
-0.6155	0.165972	51.9035
-0.6551	0.0243731	52.1424
-0.6877	0.0582963	52.2965
-0.7257	0.112734	52.5835
-0.7438	0.0213493	52.8115
-0.7445	-0.00515284	52.9943
-0.6322	-0.469972	53.3092
-0.5326	-0.160117	53.5583
-0.437	-0.166753	53.5109
-0.3045	-0.360874	53.4744
-0.2238	-0.0633935	53.5691
-0.1565	-0.132676	53.5282
-0.0746	-0.252372	53.6592
-0.032	-0.0581861	53.8285
0.0039	-0.126276	53.8911
0.0104	-0.0230205	53.9879
0.0038	-0.0363818	54.1598
0.0584	-0.349723	54.4574
0.045	0.090087	54.6883
0.0779	-0.26698	54.7206
0.1081	-0.16392	54.808
0.1122	-0.0500515	54.8653
0.1002	-0.039868	54.898
0.0749	-0.020792	55.0404
0.0153	0.104348	55.3583
-0.0374	0.000245694	55.5824
-0.096	0.0466338	55.7734
-0.1941	0.224195	56.091
-0.2649	0.0251287	56.3225
-0.3328	0.0833283	56.4277
-0.4311	0.246988	56.6492
-0.4934	0.03295	56.8482
-0.5462	0.0829745	56.9205
-0.591	0.0877951	57.0152
-0.643	0.152541	57.2891
-0.6624	0.00163972	57.4527
-0.6097	-0.243399	57.6263
-0.5309	-0.192631	57.7823
-0.4463	-0.155647	57.8821
-0.3631	-0.143742	57.8903
-0.2438	-0.32371	57.9904
-0.1699	-0.0541831	58.0812
-0.1075	-0.115938	58.0655
-0.0546	-0.119796	58.1006
-0.0104	-0.1156	58.2591
0.0368	-0.160281	58.4512
0.0544	-0.0298603	58.5781
0.0591	-0.0445406	58.6849
0.0459	-0.000698572	58.9246
0.025	-0.00877698	59.1296
-0.0218	0.0906774	59.4597
-0.062	0.00660038	59.6936
-0.1057	0.0408194	59.8851
-0.1527	0.0570859	60.067
-0.227	0.182064	60.3773
-0.2769	0.0210241	60.5646
-0.3217	0.0608406	60.6768
-0.3621	0.0669957	60.7959
-0.4137	0.138634	61.073
-0.4404	0.011479	61.2423
-0.4577	0.0324261	61.3731
-0.4614	0.00265324	61.5179
-0.6023	0.662046	61.771
-0.3243	-1.53165	62.0622
-0.101	-0.369757	61.5629
0.1965	-0.798882	59.731
0.3654	-0.101215	58.641
0.5259	-0.387069	57.4107
0.7541	-0.770537	55.8535
0.8916	-0.248582	55.2139
1.0602	-0.621137	54.0937
1.1461	-0.224918	53.2278
1.207	-0.323278	52.1474
1.2544	-0.353035	50.6264
1.2564	-0.19888	50.0875
1.2319	-0.194356	49.996
1.1502	-0.00658978	50.0375
1.0668	-0.128957	50.1233
0.965	-0.0492035	50.2911
0.777	0.312856	50.5826
0.63	-0.0480616	50.7691
0.4005	0.431952	50.752
0.2422	-0.037668	50.8263
0.0873	0.12925	50.7829
-0.1445	0.527986	50.9071
-0.2984	0.03883	51.0968
-0.44	0.183106	50.5177
-0.6346	0.495271	49.9943
-0.7539	0.0710945	50.1573
-0.8537	0.176456	50.0075
-0.975	0.356214	50.084
-1.0377	0.0711	50.2389
-1.0892	0.171097	50.1515
-1.0973	0.0256649	50.2078
-1.0857	0.0477833	50.3643
-1.0365	-0.0656314	50.6633
-0.9839	0.00702529	50.9039
-0.9191	-0.0389333	51.1199
-0.7997	-0.265402	51.4841
-0.7071	-0.0317883	51.7339
-0.566	-0.319491	51.8184
-0.4711	-0.0241019	51.9249
-0.3813	-0.117596	51.9904
-0.2514	-0.33554	52.1881
-0.1681	-0.0546178	52.3902
-0.0958	-0.122629	52.4049
-0.0024	-0.26626	52.5665
0.0504	-0.0526936	52.7491
0.0901	-0.0957656	52.8123
0.13	-0.143166	53.0134
0.1444	-0.0382438	53.2081
0.1473	-0.0499478	53.3572
0.1331	-0.00566525	53.6369
0.1124	-0.0170978	53.8569
0.0674	0.0777549	54.2134
0.0291	-0.00341668	54.4625
-0.0128	0.0311206	54.6748
-0.082	0.155406	55.0124
-0.1315	0.0142426	55.253
-0.1786	0.0545657	55.4134
-0.2463	0.166754	55.6918
-0.2889	0.018653	55.9134
-0.325	0.0538487	56.0542
-0.3687	0.116376	56.318
-0.3911	0.013078	56.5352
-0.4086	0.0456703	56.77
-0.4099	-0.00733883	56.9465
-0.4033	-0.00175872	57.1657
-0.3802	-0.0544131	57.5028
-0.3567	-0.0183323	57.7431
-0.3283	-0.039404	57.9649
-0.2772	-0.13463	58.2831
-0.2382	-0.0336922	58.4993
-0.18	-0.151508	58.7136
-0.142	-0.0267851	58.8621
-0.1071	-0.0636874	59.0131
-0.0592	-0.139896	59.2584
-0.0302	-0.0331608	59.4554
-0.0362	0.0779408	59.5982
0.2527	-1.34523	59.8413
0.5073	-0.554413	60.0189
0.1954	1.94119	58.9511
0.0695	-0.187464	57.9669
0.0645	-0.382174	56.3439
0.0491	-0.0209072	55.4551
0.0176	0.0559925	54.1468
-0.0522	0.197683	54.1658
-0.1086	0.0565668	54.3811
-0.1936	0.221521	54.5143
-0.2489	0.0379319	54.6347
-0.2986	0.0889189	54.7383
-0.3649	0.19342	54.9624
-0.4028	0.0407755	55.1581
-0.4403	0.111837	55.2954
-0.4526	0.0125001	55.4238
-0.4542	0.0281683	55.6036
-0.439	-0.0157786	55.9083
-0.4196	0.00617827	55.9077
-0.3993	0.0133857	56.0418
-0.3434	-0.147288	56.6582
-0.2919	-0.0521264	56.6769
-0.2121	-0.192733	57.2671
-0.1574	-0.0265274	57.3584
-0.1053	-0.0785168	57.4492
0.1423	-0.985715	57.6461
0.109	0.703196	57.8392
0.2961	-0.918124	56.8183
0.4107	-0.155531	55.7631
0.5134	-0.257966	54.6701
0.6422	-0.436986	53.0838
0.7094	-0.125834	52.6131
0.768	-0.243324	52.3433
0.7806	-0.0805842	52.3132
0.7725	-0.103527	52.3936
0.7263	0.00982961	52.592
0.6742	-0.0523082	52.7725
0.5708	0.166097	53.1006
0.4864	-0.0258099	53.3385
0.3958	0.0514507	53.4805
0.3146	0.0127578	53.7541
0.3063	-0.282447	53.9776
0.2889	-0.0663635	54.3267
0.2651	-0.0423273	54.4089
0.2314	-0.00961341	54.4819
0.1664	0.11323	54.7892
0.1149	-0.0124085	55.0182
0.0343	0.15473	55.2841
-0.0209	-0.0120869	55.4689
-0.0738	0.0427324	55.6383
-0.1508	0.172374	55.9176
-0.2005	0.00748835	56.145
-0.2617	0.129915	56.3259
-0.2939	-0.0113335	56.4743
-0.318	0.0259857	56.6579
-0.1675	-0.735812	56.9465
-0.0435	-0.228173	57.1775
0.1345	-0.525308	56.1965
0.2412	-0.110693	55.2924
0.3342	-0.228286	54.0987
0.4512	-0.401609	52.8078
0.5917	-0.479128	52.8721
0.8338	-0.909125	52.7726
1.1541	-1.06772	52.3726
1.3257	-0.253036	51.6834
1.4597	-0.455332	50.6326
1.5998	-0.630562	49.1455
1.6511	-0.255448	48.5215
1.6634	-0.304312	47.9116
1.6212	-0.17517	46.4502
1.5559	-0.206432	46.0514
1.4266	0.0245481	46.1746
1.4299	-0.714798	46.2853
1.4898	-0.676524	46.4568
1.5258	-0.426347	45.5689
1.5086	-0.241095	44.6439
1.4238	-0.0662837	43.203
1.3339	-0.203021	42.6771
1.2233	-0.123055	42.8313
1.072	0.0269512	43.0595
1.1336	-1.01484	43.216
1.2417	-0.745976	43.4443
1.3601	-0.667163	42.5006
1.4042	-0.32092	41.5732
1.4183	-0.371374	40.6848
1.3923	-0.282652	39.218
1.345	-0.288215	39.0164
1.2326	-0.0476576	39.0474
1.131	-0.23884	39.0897
1.0139	-0.140868	39.2648
0.805	0.25851	39.4745
0.6754	-0.284823	39.6199
0.6576	-0.600271	39.6737
0.6594	-0.409633	39.6778
0.6452	-0.270568	39.1964
0.5869	-0.102377	37.7391
0.5262	-0.189643	37.4709
0.411	0.0527722	37.7398
0.3178	-0.156878	37.9188
0.217	-0.0644251	38.1288
0.0463	0.256541	38.4286
-0.0738	-0.107414	38.653
-0.0914	-0.443221	38.7657
-0.071	-0.360539	38.9086
-0.0634	-0.195468	38.8374
-0.0818	-0.0999317	38.6719
-0.1112	-0.109512	38.7316
-0.1507	-0.0889064	38.9181
-0.2276	0.0624081	39.2494
-0.2902	-0.0777019	39.478
-0.3575	-0.0169476	39.7178
-0.4701	0.193804	40.0905
-0.5525	-0.0280086	40.365
-0.6338	0.0474151	40.5417
-0.7167	0.0802886	40.8975
-0.6522	-0.573209	41.1743
-0.5761	-0.286932	41.4224
-0.4795	-0.336197	40.593
-0.4313	-0.0800452	39.7474
-0.3853	-0.187868	38.9172
-0.3678	-0.0801266	39.0512
-0.3603	-0.105359	39.2325
-0.3613	-0.0961811	39.4327
-0.3783	-0.0445679	39.7739
-0.3999	-0.0587719	39.9981
-0.4283	-0.036455	40.2514
-0.4831	0.0730896	40.6497
-0.5218	-0.0516381	40.9208
-0.5444	-0.0824869	41.1749
-0.5654	-0.0425793	41.4282
-0.6064	0.0614313	41.7895
-0.6394	-0.0115528	42.0413
-0.6912	0.0975412	42.4198
-0.7271	-0.00541829	42.693
-0.7619	0.0332534	42.9409
-0.8136	0.124828	43.3473
-0.8473	0.0164826	43.6333
-0.8772	0.0482109	43.8524
-0.9042	0.0562682	44.0864
-0.9389	0.107613	44.4832
0.9412	-8.58825	44.7324
-0.8406	12.1983	44.9482
-0.7553	-4.22965	44.5114
-0.618	-0.739255	43.0026
-0.5259	-0.127916	42.0107
-0.4416	-0.179822	41.0729
-0.3269	-0.356524	39.5738
-0.2578	-0.100259	39.7822
-0.1999	-0.163866	39.78
-0.1274	-0.275306	39.9987
-0.0882	-0.105838	40.1851
-0.0606	-0.136587	40.2642
-0.0365	-0.159462	40.5128
-0.0313	-0.0892131	40.7113
-0.0359	-0.0912779	40.8814
-0.0591	-0.0328214	41.1941
-0.0848	-0.063089	41.4217
-0.1172	-0.0371891	41.6762
-0.1563	-0.0168368	41.9417
-0.2263	0.114176	42.3424
-0.2794	-0.0229013	42.6256
-0.3334	0.0262418	42.8571
-0.4185	0.179548	43.2388
-0.4777	0.0062254	43.5197
-0.5335	0.059155	43.7028
-0.6141	0.196906	44.0623
-0.6658	0.0257438	44.3321
-0.7107	0.0709306	44.4889
-0.7692	0.16519	44.8162
-0.8024	0.0339705	45.068
-0.8273	0.0630501	45.241
-0.8453	0.0639528	45.4402
-0.8599	0.0734627	45.8065
-0.8606	0.0259538	46.0396
-0.8536	0.0280727	46.2664
-0.8396	0.0191757	46.5104
-0.8189	0.00755388	46.7762
-0.7757	-0.0780465	47.18
-0.7395	0.00309508	47.4561
-0.6915	-0.066656	47.7025
-0.641	-0.0576038	47.9473
-0.5603	-0.193723	48.3106
-0.5047	-0.020931	48.5341
-0.4521	-0.0695269	48.6841
-0.4008	-0.0834499	48.8552
-0.3265	-0.200105	49.201
-0.28	-0.0327653	49.4078
-0.24	-0.0724631	49.5407
-0.2047	-0.0782869	49.6994
-0.16	-0.139703	50.0315
-0.1365	-0.0302184	50.2361
-0.1202	-0.0499707	50.4056
-0.1096	-0.0477873	50.5938
-0.1034	-0.0446532	50.9431
-0.1059	-0.0176382	51.1696
-0.1135	-0.015181	51.3976
-0.1255	-0.00718752	51.6373
-0.1413	0.00125727	51.8914
-0.1711	0.0583765	52.2802
-0.1942	0.000329198	52.5434
-0.2178	0.0208039	52.7829
-0.2419	0.0282754	53.0167
-0.2661	0.0330352	53.2714
-0.3196	0.171258	53.6299
-0.3916	0.19719	53.8624
-0.5495	0.552647	54.0173
-0.6977	0.333322	54.0813
-0.8279	0.28844	53.3733
-0.9814	0.465183	51.677
-1.0556	0.0866551	51.553
-1.1016	0.160323	51.3738
-1.1241	0.148423	51.354
-1.1246	0.119461	51.5039
-1.2234	0.62702	51.6905
-1.3699	0.638813	51.8298
-1.4857	0.400899	51.3554
-1.5654	0.326615	50.396
-1.6088	0.273517	49.4984
-1.6175	0.223752	48.1509
-1.5906	0.159769	48.1137
-1.5334	0.114789	48.1516
-1.4482	0.0618599	48.2519
-1.3369	0.00543394	48.4074
-1.1263	-0.393557	48.7198
-0.9604	0.0140534	48.968
-0.8423	0.116853	48.9834
-0.9294	0.908359	49.039
-1.0298	0.493046	49.2396
-1.1398	0.487415	48.2295
-1.1817	0.174989	47.3072
-1.1965	0.223332	46.1402
-1.1885	0.204394	45.7637
-1.1343	0.0580179	45.8785
-1.1691	0.570126	45.9538
-1.337	0.983734	46.12
-1.5051	0.689964	45.6894
-1.6967	0.806571	44.1584
-1.782	0.309187	43.233
-1.8316	0.417077	42.2881
-1.8502	0.397533	41.4769
-1.8216	0.27585	40.4574
-1.7644	0.265951	40.3465
-1.6812	0.221139	40.3421
-1.6514	0.521814	40.3969
-1.7472	0.971374	40.5382
-1.8	0.49375	39.9475
-1.8208	0.441952	38.8861
-1.8098	0.390507	38.0535
-1.7388	0.20498	36.987
-1.657	0.297769	36.8943
-1.5524	0.222729	36.9638
-1.3527	-0.165807	37.0647
-1.1928	0.211673	37.1598
-1.022	0.0608502	37.2607
-0.7371	-0.465966	37.4496
-0.5288	0.101865	37.6646
-0.3279	-0.0613276	37.5969
-0.1062	-0.223333	37.7664
0.035	0.146833	38.0155
0.2465	-0.385959	38.2113
0.3926	0.0206983	38.3357
0.5346	-0.132457	38.3065
0.7478	-0.505987	38.5976
0.8901	-0.0608733	38.8363
1.0801	-0.461946	38.3487
1.1941	-0.0570592	38.3168
1.2944	-0.192815	38.2812
1.4007	-0.290539	38.5062
1.4002	0.178947	38.6994
1.3726	0.0447287	38.7802
1.347	-0.0490892	38.8298
1.3195	-0.0428713	39.0385
1.2695	0.0548317	39.4521
1.2301	-0.0421601	39.7302
1.1887	-0.00949715	39.9986
1.1207	0.111593	40.4091
1.0717	-0.0290989	40.703
1.0236	0.0119322	40.9487
0.9099	0.320316	41.3407
0.818	0.0847644	41.6338
0.7338	0.103173	41.71
0.6192	0.275829	41.9415
0.5498	0.020024	42.1584
0.4916	0.0816256	42.2438
0.4183	0.194218	42.5564
0.3778	0.0248902	42.8149
0.348	0.0576025	42.9733
0.3187	0.0911949	43.3162
0.3086	0.0122307	43.582
0.3098	0.00749508	43.92
0.3204	-0.00603487	44.1725
0.3377	-0.0148955	44.4643
0.3745	-0.0900427	44.9054
0.4055	-0.0245002	45.1943
0.4565	-0.1325	45.5426
0.4932	-0.0324934	45.7813
0.5293	-0.0686517	45.9954
0.5789	-0.142657	46.3377
0.6085	-0.0318825	46.5821
0.6464	-0.122224	46.841
0.6679	-0.0414754	47.0433
0.6854	-0.0674471	47.2569
0.7049	-0.0949777	47.588
0.7134	-0.0477187	47.8233
0.717	-0.0555217	48.0315
0.7142	-0.0435717	48.3657
0.7071	-0.0424851	48.6005
0.6957	-0.0357907	48.8359
0.6712	0.0120866	49.1973
0.65	-0.0326679	49.4403
0.614	0.0412815	49.8278
0.5871	-0.0300706	50.0858
0.5597	-0.00617274	50.3258
0.5562	-0.111146	50.6895
0.5731	-0.148511	50.945
0.5922	-0.110912	51.1625
0.6095	-0.0990494	51.3635
0.6125	-0.0432229	51.5042
0.6087	-0.0493816	51.6707
0.5922	-0.0122178	51.9821
0.5743	-0.0365652	52.2069
0.5517	-0.0198928	52.4427
0.5245	-0.00839711	52.6877
0.476	0.0796219	53.049
0.4393	-0.0178714	53.2992
0.402	0.0139167	53.5204
0.3635	0.0254871	53.7319
0.3043	0.122587	54.1
0.265	-0.00681376	54.3419
0.2293	0.0264226	54.5285
0.1803	0.104773	54.8395
0.1505	-0.00418879	55.0813
0.126	0.019834	55.2757
0.097	0.0605236	55.5943
0.0826	-0.00989791	55.8376
0.0735	0.00229083	56.0546
0.0692	-0.00270705	56.2692
0.2002	-0.603448	56.6365
0.2307	0.14826	56.8838
0.3927	-0.666681	56.4484
0.6337	-0.763483	54.8642
0.7856	-0.196299	53.809
0.9835	-0.630549	52.2838
1.0953	-0.188239	51.4155
1.1872	-0.319584	50.3061
1.2905	-0.4565	48.7876
1.335	-0.192413	48.3836
1.3541	-0.228083	48.2135
1.3753	-0.317752	48.2178
1.4458	-0.551538	48.2967
1.5576	-0.641132	48.2951
1.6717	-0.571345	47.1282
1.7033	-0.210752	46.2126
1.6805	-0.170494	44.8579
1.6257	-0.171999	44.0384
1.5462	-0.143228	43.253
1.383	0.18023	43.4677
1.247	-0.120858	43.6247
1.0992	0.00161454	43.7254
0.8511	0.456739	43.9705
0.6695	-0.0403887	44.2115
0.3973	0.540602	44.0476
0.2159	-0.0242423	44.0894
0.0409	0.178787	43.5122
-0.2121	0.597333	42.6299
-0.3771	0.0649246	42.8235
-0.4379	-0.181612	42.3857
-0.1541	-1.46941	40.901
0.0755	-0.439471	41.095
0.2989	-0.514961	40.6461
0.5098	-0.521499	39.7872
0.7959	-0.936018	38.0058
0.9637	-0.28123	36.9312
1.1121	-0.494494	35.9059
1.3037	-0.790704	34.4488
1.4088	-0.342877	34.3958
1.49	-0.456614	33.8471
1.5758	-0.571296	32.4365
1.6093	-0.351321	32.4148
1.6206	-0.386439	31.9668
1.6139	-0.375691	31.1854
1.5729	-0.272598	30.6667
1.5252	-0.32542	30.6729
1.4634	-0.280925	30.7471
1.3871	-0.244106	30.8024
1.2469	0.017948	30.9213
1.1374	-0.253675	31.0366
1.0233	-0.156183	31.2863
0.8339	0.197427	31.5184
0.6939	-0.172551	31.6902
0.5521	-0.0380173	31.8074
0.404	0.01965	31.977
0.1703	0.420185	32.3969
0.011	-0.0773972	32.7207
-0.0853	-0.173519	32.6983
-0.0283	-0.688193	32.9714
0.1101	-0.691997	33.1692
0.2487	-0.496061	32.7746
0.3703	-0.427435	31.9225
0.4733	-0.406302	31.09
0.5956	-0.562494	30.3325
0.6582	-0.275318	30.2664
0.7018	-0.341426	29.8225
0.7309	-0.342881	29.0067
0.7502	-0.345654	28.7591
0.7471	-0.276906	28.8064
0.7311	-0.27579	28.8386
0.7034	-0.25747	28.9238
0.6644	-0.234139	29.0217
0.5854	-0.0769663	29.1906
0.5197	-0.221573	29.3259
0.4471	-0.156175	29.5696
0.3657	-0.118496	29.7504
0.228	0.129084	30.0529
0.1269	-0.146722	30.2917
0.025	-0.0487341	30.4955
-0.1377	0.250776	30.8193
-0.3646	0.429991	31.2136
-0.5196	-0.0154571	31.3358
-0.6093	-0.123475	31.2438
-0.6951	0.0456923	31.4429
-0.7835	0.099426	31.6792
-0.9144	0.307781	32.1136
-0.998	0.0205452	32.3863
-1.0722	0.101272	32.4635
-1.1535	0.182417	32.8548
-1.1122	-0.36835	33.1359
-1.0344	-0.248547	33.3281
-0.9247	-0.294082	33.2528
-0.8606	-0.0200306	33.2825
-0.8047	-0.0928385	33.3195
-0.7255	-0.233904	33.6974
-0.675	-0.063151	33.9802
-0.6312	-0.103454	34.1355
-0.5733	-0.194497	34.4965
-0.5396	-0.0619157	34.7538
-0.5125	-0.091068	34.9319
-0.4902	-0.0926468	35.1638
-0.4652	-0.120325	35.5499
-0.4546	-0.0526791	35.7987
-0.4494	-0.0621506	36.0286
-0.4486	-0.0570399	36.2871
-0.4141	-0.220118	36.7019
-0.311	-0.457576	36.9777
-0.1816	-0.426488	37.144
-0.0133	-0.550834	36.9445
0.0758	-0.125123	36.7902
0.1425	-0.220201	36.2309
0.215	-0.327529	34.9108
0.2481	-0.155201	35.1834
0.2662	-0.186996	35.2346
0.272	-0.178751	35.365
0.2587	-0.126873	35.613
0.2352	-0.126933	35.7757
0.2012	-0.103777	35.9724
0.1315	0.0367678	36.2935
0.0734	-0.0898408	36.5202
0.01	-0.0346522	36.7834
-0.0977	0.167522	37.1727
-0.1774	-0.0444282	37.4471
-0.2571	0.0290379	37.6423
-0.3815	0.252743	38.0156
-0.4676	-0.00136325	38.3072
-0.5489	0.0770463	38.4402
-0.6281	0.103165	38.6558
-0.7433	0.290418	39.0596
-0.8156	0.0357857	39.2906
-0.8433	-0.0551271	39.369
-0.7385	-0.534535	39.6856
-0.6194	-0.29358	39.9565
-0.5053	-0.230887	39.3944
-0.4007	-0.214509	38.3825
-0.258	-0.428873	38.5288
-0.1725	-0.107229	38.6265
-0.1011	-0.187083	38.554
-0.0396	-0.199294	38.6381
0.0355	-0.299618	38.8816
0.0725	-0.111199	39.014
0.1014	-0.169519	39.076
0.1055	-0.0892578	39.2121
0.0984	-0.100502	39.3936
0.0693	-0.0312098	39.7137
0.0382	-0.0715288	39.9433
-0.0005	-0.0404851	40.2016
-0.0729	0.101052	40.5941
-0.1298	-0.0365458	40.8579
-0.1892	0.016151	41.0909
-0.2855	0.192157	41.4777
-0.3539	-0.00267608	41.7645
-0.4197	0.0587529	41.9455
-0.5176	0.229506	42.3161
-0.5822	0.0238965	42.5938
-0.6187	-0.0164323	42.7304
-0.5384	-0.464637	43.0573
-0.4235	-0.352404	43.3429
-0.3147	-0.239915	43.2994
-0.1747	-0.40685	43.0842
-0.0965	-0.0790541	43.086
-0.0349	-0.158575	43.0124
0.0365	-0.26547	43.1987
0.0712	-0.0936515	43.3879
0.0914	-0.120072	43.4692
0.0996	-0.111151	43.71
0.0913	-0.0700249	43.9109
0.058	0.00297216	44.2007
0.0231	-0.0462567	44.4153
-0.0193	-0.0145906	44.6779
-0.0693	0.00955398	44.9542
-0.1565	0.168622	45.3646
-0.2211	-0.00640772	45.6489
-0.3163	0.191728	45.8959
-0.3791	-0.00462853	46.0998
-0.4378	0.0612354	46.2795
-0.5136	0.167195	46.6136
-0.4634	-0.427375	46.8738
-0.3928	-0.232643	47.0438
-0.3263	-0.15349	46.9418
-0.2424	-0.247645	46.8829
-0.1962	-0.0507657	46.9757
-0.1476	-0.155632	47.0635
-0.1269	-0.0391109	47.2027
-0.1157	-0.0656467	47.3894
-0.1137	-0.0535274	47.705
-0.1215	-0.0330905	47.9427
-0.1365	-0.0236593	48.1715
-0.1158	-0.201393	48.4141
-0.0079	-0.517611	48.8004
0.0542	-0.117041	48.9628
0.0985	-0.139248	48.4743
0.1388	-0.179519	48.1689
0.1503	-0.0705809	48.3272
0.1478	-0.079115	48.4517
0.1333	-0.0635806	48.6117
0.0904	0.0359457	48.9259
0.0509	-0.0414864	49.139
0.0431	-0.175672	49.3675
0.0421	-0.129953	49.7292
0.0289	-0.0522852	49.895
0.0043	-0.0252097	50.0183
-0.05	0.085011	50.3152
